0,0,296.74,161.75,158.48,130.62,-1,-1,-1,-1
0,1,737.62,161.53,193.49,212.47,-1,-1,-1,-1
0,2,1106.14,166.58,98.33,157.30,-1,-1,-1,-1
1,0,294.90,156.02,157.30,128.60,-1,-1,-1,-1
1,1,745.02,156.39,193.82,217.61,-1,-1,-1,-1
1,2,1138.34,160.87,85.00,163.27,-1,-1,-1,-1
2,0,293.09,150.47,156.17,126.63,-1,-1,-1,-1
2,1,752.41,151.25,194.16,222.75,-1,-1,-1,-1
2,2,1151.36,154.63,72.33,169.74,-1,-1,-1,-1
3,0,291.33,145.08,155.07,124.73,-1,-1,-1,-1
3,1,759.79,146.10,194.49,227.90,-1,-1,-1,-1
3,2,1154.84,148.36,86.16,173.27,-1,-1,-1,-1
4,0,290.29,146.64,154.10,122.83,-1,-1,-1,-1
4,1,767.16,140.94,194.83,233.06,-1,-1,-1,-1
4,2,1180.68,151.03,60.32,173.99,-1,-1,-1,-1
5,0,289.27,148.16,153.16,120.99,-1,-1,-1,-1
5,1,766.12,144.06,198.15,229.94,-1,-1,-1,-1
5,2,1208.54,153.73,32.46,174.56,-1,-1,-1,-1
5,3,371.26,156.48,84.87,42.46,-1,-1,-1,-1
6,0,288.04,147.11,151.28,119.33,-1,-1,-1,-1
6,1,765.13,147.12,201.31,226.88,-1,-1,-1,-1
6,3,379.39,159.15,85.13,42.62,-1,-1,-1,-1
7,0,286.85,148.66,149.47,117.73,-1,-1,-1,-1
7,1,764.18,150.15,204.32,223.85,-1,-1,-1,-1
7,3,387.60,161.84,85.38,42.79,-1,-1,-1,-1
8,0,285.69,151.76,147.71,116.17,-1,-1,-1,-1
8,1,763.28,153.14,207.19,220.86,-1,-1,-1,-1
8,3,395.89,164.55,85.63,43.00,-1,-1,-1,-1
9,0,284.54,151.84,145.99,114.65,-1,-1,-1,-1
9,1,762.42,156.08,209.90,217.92,-1,-1,-1,-1
9,3,404.26,167.30,85.89,43.22,-1,-1,-1,-1
10,0,283.45,158.07,144.34,113.18,-1,-1,-1,-1
10,1,760.78,156.37,207.19,217.63,-1,-1,-1,-1
10,3,412.71,170.07,86.14,43.43,-1,-1,-1,-1
11,0,282.44,158.38,143.27,111.92,-1,-1,-1,-1
11,1,759.16,156.65,204.55,217.35,-1,-1,-1,-1
11,3,419.41,169.35,86.68,43.72,-1,-1,-1,-1
12,0,281.46,158.69,142.22,110.68,-1,-1,-1,-1
12,1,757.58,156.92,201.99,217.08,-1,-1,-1,-1
12,3,426.20,168.62,87.23,44.02,-1,-1,-1,-1
13,0,280.49,158.99,141.20,109.48,-1,-1,-1,-1
13,1,756.02,157.19,199.50,216.81,-1,-1,-1,-1
13,3,433.09,167.88,87.77,44.31,-1,-1,-1,-1
14,0,279.54,159.28,140.21,108.29,-1,-1,-1,-1
14,1,754.50,157.45,197.08,216.55,-1,-1,-1,-1
14,3,440.06,167.13,88.32,44.61,-1,-1,-1,-1
15,0,278.60,159.56,139.24,107.14,-1,-1,-1,-1
15,1,748.58,161.92,196.38,212.08,-1,-1,-1,-1
15,3,447.13,166.37,88.87,44.92,-1,-1,-1,-1
16,0,278.58,152.93,136.74,106.15,-1,-1,-1,-1
16,1,742.82,166.23,195.66,207.77,-1,-1,-1,-1
16,3,454.52,166.66,89.40,45.23,-1,-1,-1,-1
17,0,278.63,158.18,134.31,105.22,-1,-1,-1,-1
17,1,737.23,170.40,194.93,203.60,-1,-1,-1,-1
17,3,462.01,166.96,89.93,45.54,-1,-1,-1,-1
18,0,279.84,165.30,132.01,104.19,-1,-1,-1,-1
18,1,731.80,174.41,194.18,199.59,-1,-1,-1,-1
18,3,469.55,171.46,90.49,45.88,-1,-1,-1,-1
19,0,281.04,172.03,129.74,103.44,-1,-1,-1,-1
19,1,726.52,178.29,193.40,195.71,-1,-1,-1,-1
19,3,477.20,176.03,91.05,46.21,-1,-1,-1,-1
20,0,282.21,178.42,127.50,102.90,-1,-1,-1,-1
20,1,718.53,177.44,191.97,196.56,-1,-1,-1,-1
20,3,484.95,180.13,91.62,47.08,-1,-1,-1,-1
21,0,287.10,176.36,123.25,101.79,-1,-1,-1,-1
21,1,710.76,176.61,190.57,197.39,-1,-1,-1,-1
21,3,494.06,178.37,91.99,47.13,-1,-1,-1,-1
22,0,291.91,172.67,119.03,100.60,-1,-1,-1,-1
22,1,703.18,175.81,189.22,198.19,-1,-1,-1,-1
22,3,503.27,176.59,92.37,47.18,-1,-1,-1,-1
23,0,296.64,169.03,114.85,99.43,-1,-1,-1,-1
23,1,695.81,175.05,187.85,198.95,-1,-1,-1,-1
23,3,512.59,174.60,92.75,47.42,-1,-1,-1,-1
24,0,301.32,169.62,110.73,98.56,-1,-1,-1,-1
24,1,688.62,174.30,186.48,199.70,-1,-1,-1,-1
24,3,522.02,172.53,93.14,47.71,-1,-1,-1,-1
25,0,305.92,170.20,106.64,97.70,-1,-1,-1,-1
25,1,679.10,172.16,181.97,201.62,-1,-1,-1,-1
25,3,529.27,170.34,94.16,48.24,-1,-1,-1,-1
26,0,313.52,159.70,101.26,96.38,-1,-1,-1,-1
26,1,669.80,170.08,177.62,198.59,-1,-1,-1,-1
26,3,533.27,168.11,96.09,49.10,-1,-1,-1,-1
27,0,321.01,154.09,95.94,95.35,-1,-1,-1,-1
27,1,660.71,168.05,173.41,195.66,-1,-1,-1,-1
27,3,544.26,165.82,96.22,49.32,-1,-1,-1,-1
28,0,328.41,156.48,90.70,94.36,-1,-1,-1,-1
28,1,651.83,166.07,169.35,192.81,-1,-1,-1,-1
28,3,552.00,163.48,97.28,49.88,-1,-1,-1,-1
29,0,334.34,157.42,88.08,93.28,-1,-1,-1,-1
29,1,643.14,164.12,165.42,190.07,-1,-1,-1,-1
29,3,559.91,161.09,98.36,50.45,-1,-1,-1,-1
30,0,338.49,159.80,87.17,92.30,-1,-1,-1,-1
30,1,634.54,163.65,160.77,187.94,-1,-1,-1,-1
30,3,568.00,158.64,99.45,51.03,-1,-1,-1,-1
31,0,344.93,158.82,86.19,91.32,-1,-1,-1,-1
31,1,626.12,163.20,156.17,185.85,-1,-1,-1,-1
31,3,576.86,158.29,100.59,51.64,-1,-1,-1,-1
32,0,351.79,158.39,85.14,90.40,-1,-1,-1,-1
32,1,617.88,162.76,151.61,183.81,-1,-1,-1,-1
32,3,585.93,157.92,101.75,52.26,-1,-1,-1,-1
33,0,360.28,159.07,88.53,89.49,-1,-1,-1,-1
33,1,609.81,162.32,147.10,181.81,-1,-1,-1,-1
33,3,595.22,157.55,102.93,52.89,-1,-1,-1,-1
34,0,368.04,157.65,91.57,88.70,-1,-1,-1,-1
34,1,601.91,161.89,142.63,179.85,-1,-1,-1,-1
34,3,604.71,157.16,104.14,53.55,-1,-1,-1,-1
35,0,374.64,158.56,97.69,88.12,-1,-1,-1,-1
35,1,595.88,162.10,139.07,178.99,-1,-1,-1,-1
35,3,614.44,156.77,105.38,54.21,-1,-1,-1,-1
36,0,385.12,156.86,101.34,87.33,-1,-1,-1,-1
36,1,589.92,162.31,135.47,178.14,-1,-1,-1,-1
36,3,626.06,157.02,107.23,55.16,-1,-1,-1,-1
37,0,395.51,155.20,104.86,86.56,-1,-1,-1,-1
37,1,584.04,162.52,131.85,177.29,-1,-1,-1,-1
37,3,638.07,157.27,109.15,56.14,-1,-1,-1,-1
38,0,408.22,156.59,106.90,86.10,-1,-1,-1,-1
38,1,578.23,162.72,128.21,176.44,-1,-1,-1,-1
38,3,650.49,157.54,111.13,57.16,-1,-1,-1,-1
39,0,420.87,157.97,108.90,85.63,-1,-1,-1,-1
39,1,572.48,162.93,124.54,175.60,-1,-1,-1,-1
39,3,663.34,157.82,113.18,58.21,-1,-1,-1,-1
40,0,433.43,159.36,110.87,85.13,-1,-1,-1,-1
40,1,571.32,164.19,123.76,176.10,-1,-1,-1,-1
40,3,676.65,158.10,115.30,59.30,-1,-1,-1,-1
41,0,449.16,160.90,112.38,84.97,-1,-1,-1,-1
41,1,570.15,165.45,122.96,176.61,-1,-1,-1,-1
41,3,690.44,158.40,117.50,60.43,-1,-1,-1,-1
42,0,464.86,162.46,113.89,84.97,-1,-1,-1,-1
42,1,568.97,166.72,122.14,177.11,-1,-1,-1,-1
42,3,704.73,158.71,119.79,61.60,-1,-1,-1,-1
43,0,480.52,164.01,115.41,84.94,-1,-1,-1,-1
43,1,567.80,168.00,121.32,177.62,-1,-1,-1,-1
43,3,719.55,159.03,122.18,62.81,-1,-1,-1,-1
44,0,499.77,163.28,115.65,84.90,-1,-1,-1,-1
44,1,566.63,169.28,120.48,178.12,-1,-1,-1,-1
44,3,734.93,159.37,124.68,64.07,-1,-1,-1,-1
45,0,518.95,162.55,115.95,84.84,-1,-1,-1,-1
45,1,572.31,168.37,119.70,178.69,-1,-1,-1,-1
45,3,750.89,159.72,127.29,65.39,-1,-1,-1,-1
46,0,539.58,161.20,116.55,85.09,-1,-1,-1,-1
46,1,578.03,167.44,118.92,179.26,-1,-1,-1,-1
46,3,767.86,158.13,130.64,66.97,-1,-1,-1,-1
47,0,560.28,159.85,117.22,85.32,-1,-1,-1,-1
47,1,583.78,166.51,118.13,179.82,-1,-1,-1,-1
47,3,785.60,156.46,134.18,68.62,-1,-1,-1,-1
48,0,581.02,158.49,117.99,85.54,-1,-1,-1,-1
48,1,589.56,165.57,117.34,180.39,-1,-1,-1,-1
48,3,804.19,154.71,137.93,70.36,-1,-1,-1,-1
49,0,601.80,157.13,118.85,85.75,-1,-1,-1,-1
49,1,595.38,164.61,116.55,180.95,-1,-1,-1,-1
49,3,823.66,152.87,141.91,72.18,-1,-1,-1,-1
50,0,622.63,155.77,119.81,85.95,-1,-1,-1,-1
50,1,605.79,164.10,115.36,181.19,-1,-1,-1,-1
50,3,844.10,150.93,146.15,74.10,-1,-1,-1,-1
51,0,644.32,155.16,121.27,86.36,-1,-1,-1,-1
51,1,616.23,163.59,114.17,181.42,-1,-1,-1,-1
51,3,861.83,150.33,150.78,76.27,-1,-1,-1,-1
52,0,666.14,154.55,122.86,86.75,-1,-1,-1,-1
52,1,626.70,163.08,112.98,181.64,-1,-1,-1,-1
52,3,880.55,149.71,155.70,78.56,-1,-1,-1,-1
53,0,688.09,153.94,124.59,87.13,-1,-1,-1,-1
53,1,637.20,162.56,111.80,181.84,-1,-1,-1,-1
53,3,900.32,149.04,160.96,80.99,-1,-1,-1,-1
54,0,710.18,153.33,126.47,87.50,-1,-1,-1,-1
54,1,647.72,162.04,110.61,182.03,-1,-1,-1,-1
54,3,921.26,148.33,166.59,83.57,-1,-1,-1,-1
55,0,732.39,152.72,128.53,87.86,-1,-1,-1,-1
55,1,667.75,161.42,103.03,181.08,-1,-1,-1,-1
55,3,943.45,147.58,172.65,86.32,-1,-1,-1,-1
56,0,754.52,152.32,131.78,88.38,-1,-1,-1,-1
56,1,687.79,160.81,95.15,180.45,-1,-1,-1,-1
56,3,960.97,146.39,178.05,88.95,-1,-1,-1,-1
57,0,776.87,151.92,135.25,88.88,-1,-1,-1,-1
57,1,706.21,160.21,88.61,180.67,-1,-1,-1,-1
57,3,979.49,145.13,183.80,91.74,-1,-1,-1,-1
58,0,799.42,151.53,138.94,89.37,-1,-1,-1,-1
58,1,717.75,159.63,88.67,180.76,-1,-1,-1,-1
58,3,999.09,143.78,189.94,94.71,-1,-1,-1,-1
59,0,822.19,151.13,142.89,89.85,-1,-1,-1,-1
59,1,738.01,157.67,89.12,180.90,-1,-1,-1,-1
59,3,1019.87,142.35,196.50,97.88,-1,-1,-1,-1
60,0,845.16,150.74,147.10,90.31,-1,-1,-1,-1
60,1,753.76,157.20,89.83,181.77,-1,-1,-1,-1
60,3,1041.93,140.82,199.07,101.26,-1,-1,-1,-1
61,0,866.18,150.56,150.62,90.64,-1,-1,-1,-1
61,1,769.60,156.73,90.56,182.62,-1,-1,-1,-1
61,3,1055.04,139.77,185.96,104.24,-1,-1,-1,-1
62,0,887.34,150.38,154.38,90.96,-1,-1,-1,-1
62,1,785.52,156.25,92.22,183.44,-1,-1,-1,-1
62,3,1068.85,138.67,172.15,107.41,-1,-1,-1,-1
63,0,908.63,150.20,158.37,91.27,-1,-1,-1,-1
63,1,801.52,155.78,95.40,184.24,-1,-1,-1,-1
63,3,1083.44,137.49,157.56,110.77,-1,-1,-1,-1
64,0,930.06,150.02,162.61,91.57,-1,-1,-1,-1
64,1,817.59,155.30,98.69,185.02,-1,-1,-1,-1
64,3,1098.86,136.24,142.14,114.34,-1,-1,-1,-1
65,0,951.61,149.85,167.12,91.86,-1,-1,-1,-1
65,1,836.01,156.25,99.07,183.72,-1,-1,-1,-1
65,3,1115.19,134.90,125.81,118.16,-1,-1,-1,-1
66,0,971.20,150.67,169.89,91.97,-1,-1,-1,-1
66,1,854.13,157.18,99.59,182.43,-1,-1,-1,-1
66,3,1121.71,134.45,119.29,121.28,-1,-1,-1,-1
67,0,990.83,151.50,172.84,92.09,-1,-1,-1,-1
67,1,871.95,158.10,100.26,181.14,-1,-1,-1,-1
67,3,1128.55,134.34,112.45,123.52,-1,-1,-1,-1
68,0,1007.27,152.42,173.84,92.07,-1,-1,-1,-1
68,1,889.48,159.01,101.07,179.86,-1,-1,-1,-1
68,3,1135.73,134.41,105.27,125.53,-1,-1,-1,-1
69,0,1023.70,153.33,174.92,92.05,-1,-1,-1,-1
69,1,906.74,159.91,102.01,178.58,-1,-1,-1,-1
69,3,1143.30,134.48,97.70,127.63,-1,-1,-1,-1
70,0,1040.11,154.24,176.07,92.04,-1,-1,-1,-1
70,1,919.03,159.40,100.29,177.62,-1,-1,-1,-1
70,3,1151.26,134.54,89.74,129.82,-1,-1,-1,-1
71,0,1051.80,153.46,176.14,91.58,-1,-1,-1,-1
71,1,931.19,158.89,98.60,176.66,-1,-1,-1,-1
71,3,1152.14,134.45,88.86,132.24,-1,-1,-1,-1
72,0,1063.37,152.68,176.25,91.12,-1,-1,-1,-1
72,1,943.23,158.38,96.95,175.71,-1,-1,-1,-1
72,3,1153.10,134.35,87.90,134.74,-1,-1,-1,-1
73,0,1074.84,151.92,166.16,90.67,-1,-1,-1,-1
73,1,955.15,157.88,95.34,174.78,-1,-1,-1,-1
73,3,1154.13,134.24,86.87,137.36,-1,-1,-1,-1
74,0,1082.84,153.59,158.16,89.85,-1,-1,-1,-1
74,1,966.94,157.39,94.32,173.85,-1,-1,-1,-1
74,3,1155.24,134.13,85.76,140.08,-1,-1,-1,-1
75,0,1090.71,155.24,150.29,89.04,-1,-1,-1,-1
75,1,967.92,159.15,92.83,170.98,-1,-1,-1,-1
75,3,1156.43,134.01,84.57,142.92,-1,-1,-1,-1
76,0,1093.36,157.15,147.64,87.68,-1,-1,-1,-1
76,1,968.87,160.86,91.39,168.20,-1,-1,-1,-1
76,3,1150.64,135.28,90.36,146.22,-1,-1,-1,-1
77,0,1095.97,159.01,145.03,86.36,-1,-1,-1,-1
77,1,969.79,162.51,89.99,165.51,-1,-1,-1,-1
77,3,1144.68,136.62,96.32,149.64,-1,-1,-1,-1
78,0,1098.55,160.81,142.45,85.08,-1,-1,-1,-1
78,1,970.69,164.11,88.63,162.90,-1,-1,-1,-1
78,3,1138.54,138.04,102.46,153.18,-1,-1,-1,-1
79,0,1101.10,162.56,139.90,83.83,-1,-1,-1,-1
79,1,971.55,165.67,87.32,160.37,-1,-1,-1,-1
79,3,1132.23,139.53,108.77,156.85,-1,-1,-1,-1
80,0,1103.61,164.26,137.39,82.61,-1,-1,-1,-1
80,1,965.75,166.94,85.33,157.22,-1,-1,-1,-1
80,3,1125.71,141.11,115.29,160.67,-1,-1,-1,-1
81,0,1098.53,165.79,140.55,80.88,-1,-1,-1,-1
81,1,960.18,169.71,83.43,154.19,-1,-1,-1,-1
81,3,1117.64,139.17,123.36,164.99,-1,-1,-1,-1
82,0,1093.66,167.26,134.47,79.21,-1,-1,-1,-1
82,1,954.80,172.13,81.62,151.27,-1,-1,-1,-1
82,3,1109.28,137.14,131.72,169.50,-1,-1,-1,-1
83,0,1087.12,166.43,128.51,77.46,-1,-1,-1,-1
83,1,949.55,170.15,79.88,148.44,-1,-1,-1,-1
83,3,1100.60,135.02,140.40,174.18,-1,-1,-1,-1
84,0,1080.85,165.64,122.80,75.77,-1,-1,-1,-1
84,1,944.49,169.12,78.21,145.72,-1,-1,-1,-1
84,3,1091.59,132.78,149.41,179.07,-1,-1,-1,-1
85,0,1074.85,164.88,117.33,74.15,-1,-1,-1,-1
85,1,936.84,169.36,76.46,142.99,-1,-1,-1,-1
85,3,1082.22,130.44,158.78,184.16,-1,-1,-1,-1
86,0,1063.34,165.34,110.38,72.23,-1,-1,-1,-1
86,1,929.45,169.60,74.79,140.35,-1,-1,-1,-1
86,3,1076.94,128.96,164.06,189.78,-1,-1,-1,-1
87,0,1052.39,165.78,103.80,70.40,-1,-1,-1,-1
87,1,922.30,169.83,73.19,137.81,-1,-1,-1,-1
87,3,1071.42,127.40,169.58,195.71,-1,-1,-1,-1
88,0,1041.97,166.20,97.54,68.65,-1,-1,-1,-1
88,1,915.40,170.05,71.65,135.36,-1,-1,-1,-1
88,3,1065.62,125.75,175.38,201.99,-1,-1,-1,-1
89,0,1032.05,166.59,91.58,66.98,-1,-1,-1,-1
89,1,908.72,170.26,70.18,132.98,-1,-1,-1,-1
89,3,1059.53,124.00,181.47,208.63,-1,-1,-1,-1
90,0,1022.58,166.97,85.90,65.38,-1,-1,-1,-1
90,1,901.20,170.55,68.83,130.96,-1,-1,-1,-1
90,3,1053.10,122.14,187.90,215.68,-1,-1,-1,-1
91,0,1007.99,167.54,80.35,63.78,-1,-1,-1,-1
91,1,893.90,170.82,67.54,129.00,-1,-1,-1,-1
91,3,1054.83,120.06,186.17,223.87,-1,-1,-1,-1
92,0,994.05,168.07,75.09,62.25,-1,-1,-1,-1
92,1,886.81,171.08,66.30,127.09,-1,-1,-1,-1
92,3,1048.97,117.80,192.03,232.76,-1,-1,-1,-1
93,0,980.74,168.58,70.08,60.79,-1,-1,-1,-1
93,1,879.91,171.34,65.10,125.24,-1,-1,-1,-1
93,3,1037.41,115.33,203.59,242.45,-1,-1,-1,-1
94,0,968.00,169.07,65.29,59.38,-1,-1,-1,-1
94,1,873.20,171.59,63.95,123.44,-1,-1,-1,-1
94,3,1025.42,112.64,215.58,253.04,-1,-1,-1,-1
95,0,955.82,169.54,60.71,58.03,-1,-1,-1,-1
95,1,866.12,172.02,63.52,121.70,-1,-1,-1,-1
95,3,1012.95,109.69,228.05,264.31,-1,-1,-1,-1
96,0,941.16,171.82,57.62,56.68,-1,-1,-1,-1
96,1,859.23,172.45,64.03,120.01,-1,-1,-1,-1
96,3,1005.87,108.09,235.13,265.91,-1,-1,-1,-1
97,0,927.14,174.00,55.92,55.38,-1,-1,-1,-1
97,1,852.54,172.86,64.51,118.37,-1,-1,-1,-1
97,3,998.39,106.25,242.61,267.75,-1,-1,-1,-1
98,0,910.42,173.76,54.39,54.30,-1,-1,-1,-1
98,1,846.02,173.26,64.94,116.77,-1,-1,-1,-1
98,3,990.48,104.12,250.52,269.88,-1,-1,-1,-1
99,0,894.29,173.53,52.94,53.25,-1,-1,-1,-1
99,1,839.68,173.66,65.34,115.21,-1,-1,-1,-1
99,3,982.10,101.63,258.90,272.37,-1,-1,-1,-1
100,0,878.73,173.31,51.57,52.24,-1,-1,-1,-1
100,1,835.02,173.37,65.83,114.27,-1,-1,-1,-1
100,3,973.20,98.69,267.80,275.31,-1,-1,-1,-1
101,0,862.77,172.82,50.24,51.24,-1,-1,-1,-1
101,1,830.43,173.10,66.29,113.34,-1,-1,-1,-1
101,3,971.25,92.41,269.75,281.59,-1,-1,-1,-1
102,0,844.87,172.36,51.45,50.27,-1,-1,-1,-1
102,1,825.91,172.82,66.74,112.42,-1,-1,-1,-1
102,3,969.21,84.61,271.79,289.39,-1,-1,-1,-1
103,0,827.52,171.91,52.68,49.33,-1,-1,-1,-1
103,1,821.47,172.56,67.17,111.52,-1,-1,-1,-1
103,3,967.04,81.69,273.96,292.31,-1,-1,-1,-1
104,0,811.21,171.47,49.97,48.55,-1,-1,-1,-1
104,1,817.10,172.29,67.57,110.63,-1,-1,-1,-1
104,3,964.75,82.12,276.25,291.88,-1,-1,-1,-1
105,0,795.34,171.05,47.41,47.80,-1,-1,-1,-1
105,1,814.03,172.98,67.36,110.04,-1,-1,-1,-1
105,3,962.31,81.71,278.69,292.29,-1,-1,-1,-1
106,0,778.56,171.24,48.20,47.16,-1,-1,-1,-1
106,1,810.99,173.66,67.16,109.46,-1,-1,-1,-1
106,3,969.38,83.30,271.62,290.70,-1,-1,-1,-1
107,0,762.15,171.43,48.99,46.62,-1,-1,-1,-1
107,1,807.98,174.34,66.95,108.88,-1,-1,-1,-1
107,3,977.57,84.03,263.43,289.97,-1,-1,-1,-1
108,0,746.12,171.62,49.78,46.09,-1,-1,-1,-1
108,1,805.00,175.01,66.75,108.31,-1,-1,-1,-1
108,3,987.15,83.98,253.85,290.02,-1,-1,-1,-1
109,0,730.44,171.80,50.58,45.57,-1,-1,-1,-1
109,1,802.05,175.67,66.54,107.74,-1,-1,-1,-1
109,3,998.46,83.22,242.54,290.78,-1,-1,-1,-1
109,5,873.92,187.13,108.20,57.09,-1,-1,-1,-1
110,0,714.66,171.86,49.13,45.16,-1,-1,-1,-1
110,1,797.97,175.19,63.02,107.32,-1,-1,-1,-1
110,3,1012.02,83.94,228.98,290.06,-1,-1,-1,-1
110,5,863.38,186.54,108.56,58.24,-1,-1,-1,-1
111,0,699.12,171.92,47.76,44.76,-1,-1,-1,-1
111,1,793.95,174.72,59.48,106.89,-1,-1,-1,-1
111,3,1040.24,81.21,200.76,292.79,-1,-1,-1,-1
111,5,852.40,185.94,109.01,59.43,-1,-1,-1,-1
112,0,683.82,171.98,46.46,44.37,-1,-1,-1,-1
112,1,789.99,174.25,55.93,106.44,-1,-1,-1,-1
112,3,1075.51,78.35,165.49,295.65,-1,-1,-1,-1
112,5,840.95,185.31,109.55,60.66,-1,-1,-1,-1
113,0,668.76,172.04,45.23,43.98,-1,-1,-1,-1
113,1,786.09,173.78,53.03,105.99,-1,-1,-1,-1
113,3,1120.80,75.35,120.20,298.65,-1,-1,-1,-1
113,4,0.00,175.33,251.62,103.49,-1,-1,-1,-1
113,5,832.29,184.75,109.89,61.95,-1,-1,-1,-1
114,0,653.94,172.09,44.07,43.60,-1,-1,-1,-1
114,1,782.25,173.32,52.81,105.53,-1,-1,-1,-1
114,3,1181.02,72.17,59.98,301.83,-1,-1,-1,-1
114,4,0.00,175.05,237.30,110.91,-1,-1,-1,-1
114,5,823.25,184.18,110.29,63.30,-1,-1,-1,-1
115,0,639.34,172.15,42.96,43.23,-1,-1,-1,-1
115,1,773.62,174.07,52.35,104.87,-1,-1,-1,-1
115,4,0.00,174.73,221.11,119.32,-1,-1,-1,-1
115,5,815.56,184.81,111.36,65.19,-1,-1,-1,-1
116,0,624.96,172.20,41.92,42.86,-1,-1,-1,-1
116,1,763.47,174.82,53.48,104.20,-1,-1,-1,-1
116,4,0.00,174.35,202.68,128.94,-1,-1,-1,-1
116,5,807.44,185.46,112.55,67.20,-1,-1,-1,-1
117,0,610.79,172.26,40.94,42.49,-1,-1,-1,-1
117,1,752.96,175.55,55.06,103.54,-1,-1,-1,-1
117,4,0.00,173.92,181.52,140.05,-1,-1,-1,-1
117,5,798.87,186.14,113.86,69.33,-1,-1,-1,-1
117,6,733.42,186.05,86.56,52.51,-1,-1,-1,-1
118,0,595.28,172.30,41.23,42.28,-1,-1,-1,-1
118,1,742.57,176.27,56.60,102.87,-1,-1,-1,-1
118,4,0.00,173.39,157.00,153.01,-1,-1,-1,-1
118,5,789.79,186.86,115.33,71.60,-1,-1,-1,-1
118,6,723.04,186.27,89.01,53.91,-1,-1,-1,-1
119,0,579.91,172.34,41.55,42.06,-1,-1,-1,-1
119,1,732.29,176.99,58.11,102.21,-1,-1,-1,-1
119,4,0.00,173.77,127.76,167.47,-1,-1,-1,-1
119,5,780.17,187.60,116.96,74.02,-1,-1,-1,-1
119,6,712.20,186.49,91.50,55.38,-1,-1,-1,-1
120,0,564.67,172.38,41.91,41.84,-1,-1,-1,-1
120,1,715.27,176.59,59.13,101.72,-1,-1,-1,-1
120,4,0.00,174.67,93.36,173.92,-1,-1,-1,-1
120,5,772.85,187.51,118.43,76.48,-1,-1,-1,-1
120,6,700.88,186.73,94.03,56.93,-1,-1,-1,-1
120,9,657.56,181.94,63.54,44.44,-1,-1,-1,-1
121,0,549.57,172.43,42.29,41.63,-1,-1,-1,-1
121,1,698.40,176.19,60.14,101.34,-1,-1,-1,-1
121,5,765.04,187.42,120.06,79.10,-1,-1,-1,-1
121,6,689.03,186.98,96.60,58.58,-1,-1,-1,-1
121,7,414.12,180.31,70.71,52.30,-1,-1,-1,-1
121,9,645.31,181.52,64.90,45.34,-1,-1,-1,-1
122,0,534.61,172.47,42.71,41.41,-1,-1,-1,-1
122,1,681.68,175.80,61.15,100.95,-1,-1,-1,-1
122,5,756.71,187.32,121.88,81.90,-1,-1,-1,-1
122,6,676.62,187.24,99.20,60.31,-1,-1,-1,-1
122,7,395.04,180.65,73.77,54.02,-1,-1,-1,-1
122,9,632.59,181.02,66.26,46.34,-1,-1,-1,-1
123,0,519.77,172.51,43.17,41.19,-1,-1,-1,-1
123,1,665.11,175.42,62.16,100.54,-1,-1,-1,-1
123,5,747.78,187.21,123.92,84.91,-1,-1,-1,-1
123,6,665.79,186.76,102.39,62.08,-1,-1,-1,-1
123,7,374.68,181.01,77.22,55.85,-1,-1,-1,-1
123,9,619.36,180.49,67.63,47.39,-1,-1,-1,-1
124,0,504.59,172.56,42.51,41.08,-1,-1,-1,-1
124,1,648.68,175.04,63.17,100.13,-1,-1,-1,-1
124,5,738.19,187.10,126.22,88.14,-1,-1,-1,-1
124,6,654.39,186.26,105.66,63.96,-1,-1,-1,-1
124,7,352.34,181.42,81.47,58.01,-1,-1,-1,-1
124,9,605.58,179.93,69.02,48.50,-1,-1,-1,-1
124,10,577.65,180.49,60.09,38.51,-1,-1,-1,-1
125,0,489.48,172.60,41.89,40.97,-1,-1,-1,-1
125,1,630.20,174.77,62.96,100.12,-1,-1,-1,-1
125,5,730.90,186.33,129.44,91.78,-1,-1,-1,-1
125,6,642.36,185.73,109.03,65.95,-1,-1,-1,-1
125,7,328.23,181.82,86.34,60.39,-1,-1,-1,-1
125,9,591.22,179.35,70.41,49.65,-1,-1,-1,-1
125,10,566.20,180.63,61.47,39.44,-1,-1,-1,-1
126,0,474.43,172.65,41.29,40.87,-1,-1,-1,-1
126,1,611.72,174.49,62.79,100.10,-1,-1,-1,-1
126,5,722.96,185.51,133.03,95.74,-1,-1,-1,-1
126,6,629.66,185.18,112.49,68.07,-1,-1,-1,-1
126,7,303.60,182.21,91.28,62.67,-1,-1,-1,-1
126,8,340.69,177.10,69.98,57.33,-1,-1,-1,-1
126,9,579.93,179.06,71.85,50.99,-1,-1,-1,-1
126,10,554.25,180.78,62.88,40.41,-1,-1,-1,-1
126,14,534.68,183.60,43.93,30.41,-1,-1,-1,-1
127,0,459.43,172.70,40.74,40.76,-1,-1,-1,-1
127,1,593.25,174.22,62.65,100.07,-1,-1,-1,-1
127,5,714.30,184.63,137.03,100.06,-1,-1,-1,-1
127,6,616.22,184.59,116.05,70.33,-1,-1,-1,-1
127,7,275.62,184.17,99.22,66.11,-1,-1,-1,-1
127,8,321.67,177.95,72.04,59.16,-1,-1,-1,-1
127,9,568.08,178.75,73.31,52.41,-1,-1,-1,-1
127,10,541.75,180.94,64.31,41.44,-1,-1,-1,-1
127,14,523.60,183.33,44.11,31.01,-1,-1,-1,-1
128,0,444.50,172.74,40.21,40.65,-1,-1,-1,-1
128,1,574.77,173.95,62.56,100.04,-1,-1,-1,-1
128,5,712.37,183.68,139.83,104.67,-1,-1,-1,-1
128,6,612.33,185.07,120.52,73.29,-1,-1,-1,-1
128,7,253.60,186.22,105.94,69.42,-1,-1,-1,-1
128,8,301.43,178.85,74.41,61.11,-1,-1,-1,-1
128,9,555.64,178.42,74.79,53.91,-1,-1,-1,-1
128,10,528.69,181.10,65.76,42.52,-1,-1,-1,-1
128,14,512.09,183.06,44.27,31.64,-1,-1,-1,-1
129,0,438.06,172.82,39.11,40.47,-1,-1,-1,-1
129,1,556.30,173.68,62.50,100.00,-1,-1,-1,-1
129,5,710.27,182.66,142.87,109.74,-1,-1,-1,-1
129,6,608.19,185.57,125.29,76.50,-1,-1,-1,-1
129,7,229.65,188.41,113.55,73.07,-1,-1,-1,-1
129,8,288.11,181.99,70.49,63.23,-1,-1,-1,-1
129,9,549.30,179.59,77.13,55.43,-1,-1,-1,-1
129,10,522.55,182.03,67.44,43.42,-1,-1,-1,-1
129,14,506.29,184.49,44.88,32.43,-1,-1,-1,-1
130,0,431.66,172.90,38.02,40.29,-1,-1,-1,-1
130,1,544.30,174.65,61.58,100.06,-1,-1,-1,-1
130,5,713.75,182.49,148.87,116.89,-1,-1,-1,-1
130,6,603.77,186.12,130.40,80.00,-1,-1,-1,-1
130,7,210.07,190.66,120.55,76.94,-1,-1,-1,-1
130,8,270.25,186.43,81.86,66.09,-1,-1,-1,-1
130,9,542.66,180.83,79.55,57.05,-1,-1,-1,-1
130,10,516.18,182.99,69.16,44.38,-1,-1,-1,-1
130,11,304.79,190.21,51.13,43.55,-1,-1,-1,-1
130,14,500.27,185.97,45.49,33.26,-1,-1,-1,-1
131,0,424.92,172.97,37.35,40.12,-1,-1,-1,-1
131,1,532.29,175.61,60.67,100.12,-1,-1,-1,-1
131,5,717.68,182.30,155.36,125.05,-1,-1,-1,-1
131,6,599.03,186.69,135.88,83.84,-1,-1,-1,-1
131,7,188.69,193.06,128.48,81.22,-1,-1,-1,-1
131,8,257.42,186.59,85.27,68.24,-1,-1,-1,-1
131,9,541.47,181.33,81.42,58.79,-1,-1,-1,-1
131,10,509.58,183.88,70.93,45.48,-1,-1,-1,-1
131,11,294.92,190.44,56.04,44.69,-1,-1,-1,-1
131,14,494.03,187.50,46.12,34.13,-1,-1,-1,-1
132,0,423.03,172.93,37.13,39.85,-1,-1,-1,-1
132,1,523.86,176.48,60.13,100.04,-1,-1,-1,-1
132,5,722.16,182.09,162.38,134.43,-1,-1,-1,-1
132,6,593.94,187.31,141.77,88.05,-1,-1,-1,-1
132,7,171.87,196.22,137.50,85.62,-1,-1,-1,-1
132,8,243.75,186.76,89.03,70.53,-1,-1,-1,-1
132,9,540.22,181.85,83.40,60.64,-1,-1,-1,-1
132,10,511.89,183.33,71.63,46.68,-1,-1,-1,-1
132,11,284.57,190.69,61.20,45.89,-1,-1,-1,-1
132,14,492.90,187.95,47.17,34.82,-1,-1,-1,-1
133,0,418.96,172.93,37.11,39.79,-1,-1,-1,-1
133,1,515.45,177.35,59.59,99.97,-1,-1,-1,-1
133,5,733.66,181.69,167.98,144.85,-1,-1,-1,-1
133,6,596.47,186.05,148.45,92.42,-1,-1,-1,-1
133,7,153.59,199.58,147.47,90.48,-1,-1,-1,-1
133,8,232.72,188.75,94.68,73.33,-1,-1,-1,-1
133,9,538.90,182.40,85.48,62.62,-1,-1,-1,-1
133,10,514.33,182.75,72.37,47.94,-1,-1,-1,-1
133,11,278.75,190.90,61.76,47.12,-1,-1,-1,-1
133,14,491.73,188.42,48.27,35.53,-1,-1,-1,-1
134,0,422.50,172.04,36.85,39.53,-1,-1,-1,-1
134,1,507.06,178.22,59.07,99.89,-1,-1,-1,-1
134,5,746.95,181.26,174.12,157.03,-1,-1,-1,-1
134,6,599.21,184.69,155.94,97.25,-1,-1,-1,-1
134,7,139.53,197.94,156.83,93.89,-1,-1,-1,-1
134,8,226.64,187.64,99.44,75.35,-1,-1,-1,-1
134,9,541.07,180.20,88.38,64.72,-1,-1,-1,-1
134,10,516.89,182.07,73.17,49.35,-1,-1,-1,-1
134,11,272.62,191.13,62.38,48.41,-1,-1,-1,-1
134,14,490.52,188.90,49.40,36.28,-1,-1,-1,-1
135,0,425.99,171.17,36.59,39.28,-1,-1,-1,-1
135,1,505.74,176.24,57.87,100.01,-1,-1,-1,-1
135,5,766.87,180.28,194.03,172.96,-1,-1,-1,-1
135,6,606.03,183.06,165.34,102.37,-1,-1,-1,-1
135,7,124.19,196.20,167.15,97.57,-1,-1,-1,-1
135,8,221.20,185.81,104.40,77.39,-1,-1,-1,-1
135,9,543.37,177.84,91.50,66.98,-1,-1,-1,-1
135,10,519.59,181.34,74.03,50.84,-1,-1,-1,-1
135,11,273.81,191.28,63.57,49.52,-1,-1,-1,-1
135,14,496.61,185.86,50.15,36.71,-1,-1,-1,-1
136,0,429.44,170.31,36.33,39.03,-1,-1,-1,-1
136,1,504.42,174.25,56.66,100.13,-1,-1,-1,-1
136,5,790.84,179.16,219.19,192.53,-1,-1,-1,-1
136,6,613.46,180.93,176.12,108.43,-1,-1,-1,-1
136,7,107.38,194.33,178.59,101.56,-1,-1,-1,-1
136,8,215.39,183.89,109.69,79.54,-1,-1,-1,-1
136,9,550.26,175.17,94.25,69.36,-1,-1,-1,-1
136,10,524.12,179.11,76.05,52.04,-1,-1,-1,-1
136,11,275.06,191.43,64.80,50.68,-1,-1,-1,-1
136,14,502.96,182.68,50.97,37.14,-1,-1,-1,-1
137,0,437.01,169.35,36.02,38.75,-1,-1,-1,-1
137,1,506.73,172.09,55.80,100.12,-1,-1,-1,-1
137,5,820.21,177.87,251.58,196.13,-1,-1,-1,-1
137,6,621.59,178.21,188.60,115.60,-1,-1,-1,-1
137,7,93.78,194.91,191.19,106.67,-1,-1,-1,-1
137,8,209.16,181.78,115.37,81.89,-1,-1,-1,-1
137,9,557.59,172.30,97.30,71.92,-1,-1,-1,-1
137,10,528.84,176.77,78.21,53.30,-1,-1,-1,-1
137,11,276.36,191.60,66.07,51.89,-1,-1,-1,-1
137,14,509.58,179.00,51.87,37.95,-1,-1,-1,-1
138,0,444.48,168.40,35.71,38.48,-1,-1,-1,-1
138,1,509.05,169.92,54.95,100.12,-1,-1,-1,-1
138,5,857.02,176.10,295.22,197.90,-1,-1,-1,-1
138,6,632.97,178.80,203.32,124.47,-1,-1,-1,-1
138,7,78.84,195.54,205.03,112.31,-1,-1,-1,-1
138,8,207.14,181.18,120.92,84.43,-1,-1,-1,-1
138,9,566.91,171.83,100.95,74.70,-1,-1,-1,-1
138,10,533.77,174.31,80.52,54.61,-1,-1,-1,-1
138,11,278.29,191.70,69.31,53.22,-1,-1,-1,-1
138,12,708.91,160.03,30.67,68.11,-1,-1,-1,-1
138,13,307.17,185.90,52.58,40.19,-1,-1,-1,-1
138,14,518.21,178.28,53.02,38.86,-1,-1,-1,-1
139,0,451.85,167.46,35.42,38.22,-1,-1,-1,-1
139,1,511.36,167.76,54.08,100.11,-1,-1,-1,-1
139,5,904.51,172.80,336.49,201.20,-1,-1,-1,-1
139,6,645.61,179.48,221.04,134.80,-1,-1,-1,-1
139,7,62.36,196.22,220.32,118.57,-1,-1,-1,-1
139,8,205.01,180.54,126.75,87.13,-1,-1,-1,-1
139,9,576.83,171.33,105.04,77.71,-1,-1,-1,-1
139,10,542.59,175.03,82.63,56.34,-1,-1,-1,-1
139,11,280.34,191.81,72.65,54.63,-1,-1,-1,-1
139,12,726.75,160.00,29.28,71.20,-1,-1,-1,-1
139,13,311.61,186.46,54.69,41.07,-1,-1,-1,-1
139,14,527.21,177.53,54.29,39.82,-1,-1,-1,-1
140,0,462.60,168.48,35.07,37.94,-1,-1,-1,-1
140,1,515.52,168.49,54.04,100.17,-1,-1,-1,-1
140,5,965.56,173.44,275.44,200.56,-1,-1,-1,-1
140,6,659.72,180.28,242.70,146.99,-1,-1,-1,-1
140,7,44.08,196.95,237.31,125.53,-1,-1,-1,-1
140,8,201.58,181.18,133.61,90.45,-1,-1,-1,-1
140,9,587.42,170.79,109.65,80.97,-1,-1,-1,-1
140,10,551.89,175.80,84.99,58.18,-1,-1,-1,-1
140,11,282.51,191.93,76.09,56.10,-1,-1,-1,-1
140,12,745.32,159.97,26.33,74.59,-1,-1,-1,-1
140,13,316.24,187.05,56.84,42.00,-1,-1,-1,-1
140,14,536.27,180.71,55.22,40.74,-1,-1,-1,-1
141,0,473.18,169.48,34.73,37.66,-1,-1,-1,-1
141,1,519.67,169.23,54.01,100.23,-1,-1,-1,-1
141,5,1024.86,174.00,216.14,200.00,-1,-1,-1,-1
141,6,675.59,181.24,269.62,161.58,-1,-1,-1,-1
141,7,23.69,197.75,256.28,133.33,-1,-1,-1,-1
141,8,197.91,181.82,140.93,94.07,-1,-1,-1,-1
141,9,597.02,170.99,114.89,84.96,-1,-1,-1,-1
141,10,561.69,176.62,87.61,60.14,-1,-1,-1,-1
141,11,284.81,192.05,79.64,57.65,-1,-1,-1,-1
141,12,764.70,159.93,29.78,78.31,-1,-1,-1,-1
141,13,321.07,187.65,59.02,42.96,-1,-1,-1,-1
141,14,545.69,183.78,56.25,41.97,-1,-1,-1,-1
142,0,482.68,169.49,34.43,37.40,-1,-1,-1,-1
142,1,523.83,169.97,53.97,100.29,-1,-1,-1,-1
142,5,1085.21,174.48,155.79,199.52,-1,-1,-1,-1
142,6,693.54,182.08,303.75,179.68,-1,-1,-1,-1
142,7,0.00,197.70,275.08,142.30,-1,-1,-1,-1
142,8,193.95,182.36,148.73,98.13,-1,-1,-1,-1
142,9,607.40,171.22,120.90,89.37,-1,-1,-1,-1
142,10,572.05,177.50,90.54,62.23,-1,-1,-1,-1
142,11,287.25,192.18,83.31,59.28,-1,-1,-1,-1
142,12,785.12,159.89,31.67,82.42,-1,-1,-1,-1
142,13,326.11,188.28,61.24,43.96,-1,-1,-1,-1
142,14,554.11,181.02,57.72,42.80,-1,-1,-1,-1
143,0,492.05,169.50,34.14,37.14,-1,-1,-1,-1
143,1,527.99,170.71,53.94,100.34,-1,-1,-1,-1
143,5,1161.39,175.04,79.61,198.96,-1,-1,-1,-1
143,6,710.00,182.71,348.22,191.29,-1,-1,-1,-1
143,7,0.00,197.64,269.70,151.76,-1,-1,-1,-1
143,8,186.74,181.66,157.56,102.01,-1,-1,-1,-1
143,9,618.65,171.47,127.83,94.24,-1,-1,-1,-1
143,10,583.00,178.44,93.83,64.46,-1,-1,-1,-1
143,11,289.85,192.31,87.09,61.00,-1,-1,-1,-1
143,12,810.42,159.84,35.61,86.98,-1,-1,-1,-1
143,13,331.37,188.93,63.49,45.01,-1,-1,-1,-1
143,14,562.96,181.63,59.34,44.00,-1,-1,-1,-1
144,0,501.29,169.52,33.85,36.88,-1,-1,-1,-1
144,1,532.15,171.46,53.92,100.40,-1,-1,-1,-1
144,6,729.15,183.44,407.69,190.56,-1,-1,-1,-1
144,7,0.00,197.59,263.75,162.81,-1,-1,-1,-1
144,8,178.91,180.75,167.08,106.36,-1,-1,-1,-1
144,9,630.90,171.76,135.87,99.68,-1,-1,-1,-1
144,10,591.83,177.33,97.40,67.01,-1,-1,-1,-1
144,11,290.00,191.22,91.02,62.71,-1,-1,-1,-1
144,12,832.81,158.46,37.33,92.33,-1,-1,-1,-1
144,13,335.57,188.01,64.85,45.94,-1,-1,-1,-1
144,14,572.26,182.19,61.13,45.36,-1,-1,-1,-1
145,0,509.99,167.88,33.63,36.67,-1,-1,-1,-1
145,1,537.86,170.04,53.60,100.45,-1,-1,-1,-1
145,6,751.67,184.29,489.33,189.71,-1,-1,-1,-1
145,7,0.00,197.52,257.14,175.90,-1,-1,-1,-1
145,8,169.62,178.90,177.90,111.40,-1,-1,-1,-1
145,9,644.27,172.08,145.29,105.77,-1,-1,-1,-1
145,10,601.25,176.12,101.41,69.76,-1,-1,-1,-1
145,11,290.17,190.06,95.15,64.53,-1,-1,-1,-1
145,12,858.89,156.91,43.06,98.37,-1,-1,-1,-1
145,13,339.98,187.05,66.23,46.92,-1,-1,-1,-1
145,14,582.02,182.76,63.12,46.81,-1,-1,-1,-1
146,0,518.59,166.26,33.41,36.46,-1,-1,-1,-1
146,1,543.58,168.62,53.29,100.50,-1,-1,-1,-1
146,6,778.55,185.32,462.45,188.68,-1,-1,-1,-1
146,7,0.00,197.45,249.74,176.55,-1,-1,-1,-1
146,8,159.43,176.86,189.72,116.95,-1,-1,-1,-1
146,9,655.75,170.04,156.01,112.74,-1,-1,-1,-1
146,10,611.31,174.81,105.94,72.75,-1,-1,-1,-1
146,11,290.36,188.85,99.48,66.45,-1,-1,-1,-1
146,12,886.18,155.13,45.67,105.27,-1,-1,-1,-1
146,13,342.78,185.49,69.27,47.89,-1,-1,-1,-1
146,14,592.29,183.37,65.31,48.36,-1,-1,-1,-1
147,0,527.01,165.76,33.20,36.26,-1,-1,-1,-1
147,1,549.30,167.20,52.99,100.55,-1,-1,-1,-1
147,6,811.19,186.56,429.81,187.44,-1,-1,-1,-1
147,7,0.00,198.38,235.04,175.62,-1,-1,-1,-1
147,8,148.19,174.60,202.70,123.09,-1,-1,-1,-1
147,9,668.42,167.71,168.72,120.70,-1,-1,-1,-1
147,10,622.09,173.38,111.08,76.00,-1,-1,-1,-1
147,11,286.91,187.68,105.13,68.80,-1,-1,-1,-1
147,12,916.25,153.09,53.15,113.21,-1,-1,-1,-1
147,13,345.74,183.85,72.41,48.89,-1,-1,-1,-1
147,14,601.29,179.33,67.57,49.59,-1,-1,-1,-1
148,0,535.34,165.27,33.00,36.06,-1,-1,-1,-1
148,1,555.03,165.78,52.68,100.61,-1,-1,-1,-1
148,6,843.35,187.89,397.65,186.11,-1,-1,-1,-1
148,7,0.00,199.43,218.30,174.57,-1,-1,-1,-1
148,8,129.44,175.14,219.13,130.66,-1,-1,-1,-1
148,9,682.69,165.01,184.04,129.87,-1,-1,-1,-1
148,10,633.66,171.81,116.95,79.57,-1,-1,-1,-1
148,11,283.19,186.44,111.18,71.33,-1,-1,-1,-1
148,12,948.17,150.71,56.00,122.43,-1,-1,-1,-1
148,13,348.88,182.14,75.65,49.94,-1,-1,-1,-1
148,14,610.80,174.67,70.09,51.25,-1,-1,-1,-1
149,0,543.58,164.78,32.80,35.87,-1,-1,-1,-1
149,1,560.76,164.35,52.39,100.66,-1,-1,-1,-1
149,6,884.68,189.61,356.32,184.39,-1,-1,-1,-1
149,7,0.00,200.63,199.09,173.37,-1,-1,-1,-1
149,8,108.26,175.74,237.76,139.21,-1,-1,-1,-1
149,9,695.37,166.03,201.85,141.00,-1,-1,-1,-1
149,10,642.25,172.67,123.78,83.82,-1,-1,-1,-1
149,11,277.90,187.72,117.26,74.66,-1,-1,-1,-1
149,12,990.93,150.45,61.07,133.56,-1,-1,-1,-1
149,13,348.08,183.33,77.53,51.64,-1,-1,-1,-1
149,14,618.10,176.34,72.46,53.12,-1,-1,-1,-1
150,0,551.73,164.29,32.61,35.68,-1,-1,-1,-1
150,1,565.10,166.27,51.13,100.87,-1,-1,-1,-1
150,6,939.76,191.89,301.24,182.11,-1,-1,-1,-1
150,7,0.00,202.03,176.82,171.97,-1,-1,-1,-1
150,8,84.15,176.43,259.07,148.95,-1,-1,-1,-1
150,9,709.66,167.23,223.82,154.19,-1,-1,-1,-1
150,10,651.57,173.64,131.62,88.54,-1,-1,-1,-1
150,11,272.16,189.09,123.83,78.31,-1,-1,-1,-1
150,12,1037.47,150.11,59.33,147.19,-1,-1,-1,-1
150,13,347.24,184.59,79.51,53.45,-1,-1,-1,-1
150,14,625.85,178.13,75.10,55.14,-1,-1,-1,-1
151,0,557.00,165.68,32.52,35.60,-1,-1,-1,-1
151,1,569.46,168.20,49.87,101.06,-1,-1,-1,-1
151,6,1016.80,196.06,224.20,177.94,-1,-1,-1,-1
151,7,0.00,203.67,150.67,170.33,-1,-1,-1,-1
151,8,50.90,177.39,285.71,160.21,-1,-1,-1,-1
151,9,723.32,167.34,250.72,169.75,-1,-1,-1,-1
151,10,661.72,174.72,140.68,93.82,-1,-1,-1,-1
151,11,265.91,190.56,130.98,82.31,-1,-1,-1,-1
151,12,1055.62,149.77,133.41,163.22,-1,-1,-1,-1
151,13,346.34,185.91,81.61,55.39,-1,-1,-1,-1
151,14,634.11,180.06,78.05,57.31,-1,-1,-1,-1
152,0,562.25,167.06,32.44,35.51,-1,-1,-1,-1
152,1,573.72,170.14,48.71,101.25,-1,-1,-1,-1
152,6,1132.21,203.14,108.79,170.86,-1,-1,-1,-1
152,7,0.00,207.68,111.16,166.32,-1,-1,-1,-1
152,8,12.25,178.50,317.02,173.30,-1,-1,-1,-1
152,9,738.92,167.47,284.85,188.78,-1,-1,-1,-1
152,10,670.57,176.03,150.51,99.79,-1,-1,-1,-1
152,11,256.40,192.43,139.50,86.89,-1,-1,-1,-1
152,12,1113.86,149.52,127.14,183.56,-1,-1,-1,-1
152,13,345.38,187.30,83.82,57.47,-1,-1,-1,-1
152,14,642.93,181.94,81.37,59.86,-1,-1,-1,-1
153,0,567.48,168.43,32.35,35.43,-1,-1,-1,-1
153,1,576.70,172.09,48.84,101.44,-1,-1,-1,-1
153,8,0.00,177.81,319.84,189.88,-1,-1,-1,-1
153,9,756.90,167.63,329.25,206.37,-1,-1,-1,-1
153,10,680.29,177.51,162.02,106.56,-1,-1,-1,-1
153,11,245.92,194.46,148.90,91.99,-1,-1,-1,-1
153,12,1185.20,151.17,55.80,197.39,-1,-1,-1,-1
153,13,344.36,188.77,86.17,59.71,-1,-1,-1,-1
153,14,652.36,183.79,85.12,62.82,-1,-1,-1,-1
