0,10,0.00,182.44,111.46,236.55,-1,-1,-1,-1
0,11,93.73,170.84,218.55,225.20,-1,-1,-1,-1
0,12,202.66,179.37,285.08,216.89,-1,-1,-1,-1
0,13,306.71,165.70,361.69,207.32,-1,-1,-1,-1
1,10,0.00,183.86,78.18,239.95,-1,-1,-1,-1
1,11,62.17,171.10,197.67,228.53,-1,-1,-1,-1
1,12,182.71,180.48,270.47,219.65,-1,-1,-1,-1
1,13,292.78,166.82,350.38,209.93,-1,-1,-1,-1
2,10,0.00,185.45,40.80,241.07,-1,-1,-1,-1
2,11,26.81,171.39,174.70,232.27,-1,-1,-1,-1
2,12,161.03,181.62,254.73,222.65,-1,-1,-1,-1
2,13,277.80,168.02,338.29,212.74,-1,-1,-1,-1
3,11,0.00,171.72,149.30,236.40,-1,-1,-1,-1
3,12,137.37,182.86,237.72,225.93,-1,-1,-1,-1
3,13,262.10,167.43,325.82,213.93,-1,-1,-1,-1
4,11,0.00,172.09,121.09,240.89,-1,-1,-1,-1
4,12,110.09,182.54,218.35,227.85,-1,-1,-1,-1
4,13,245.10,166.80,312.40,215.23,-1,-1,-1,-1
5,11,0.00,173.03,89.55,241.84,-1,-1,-1,-1
5,12,79.75,182.19,197.09,229.98,-1,-1,-1,-1
5,13,226.63,166.11,297.91,216.63,-1,-1,-1,-1
6,11,0.00,173.07,51.71,241.69,-1,-1,-1,-1
6,12,45.81,181.81,173.67,232.37,-1,-1,-1,-1
6,13,206.49,165.36,282.23,218.17,-1,-1,-1,-1
7,12,7.60,181.39,147.73,235.06,-1,-1,-1,-1
7,13,184.65,165.05,265.38,220.36,-1,-1,-1,-1
8,12,0.00,180.91,118.84,237.94,-1,-1,-1,-1
8,13,160.64,164.72,247.01,222.78,-1,-1,-1,-1
9,12,0.00,180.38,86.47,238.67,-1,-1,-1,-1
9,13,134.11,164.35,226.92,225.44,-1,-1,-1,-1
10,12,0.00,179.78,49.95,238.03,-1,-1,-1,-1
10,13,104.66,163.94,204.84,228.41,-1,-1,-1,-1
11,13,73.76,164.36,182.38,232.52,-1,-1,-1,-1
12,13,39.12,164.84,157.49,237.14,-1,-1,-1,-1
13,13,0.00,165.39,129.76,242.35,-1,-1,-1,-1
14,13,0.00,166.01,98.67,248.08,-1,-1,-1,-1
15,13,0.00,167.32,63.56,251.42,-1,-1,-1,-1
25,1,709.85,176.12,727.17,189.56,-1,-1,-1,-1
26,1,710.73,178.34,728.23,191.98,-1,-1,-1,-1
27,1,711.62,178.67,729.30,192.52,-1,-1,-1,-1
28,1,712.50,175.36,730.37,189.45,-1,-1,-1,-1
29,1,713.42,171.62,731.48,185.96,-1,-1,-1,-1
30,1,714.41,170.59,732.66,185.17,-1,-1,-1,-1
31,1,715.45,171.02,733.89,185.84,-1,-1,-1,-1
32,1,716.52,171.16,735.16,186.24,-1,-1,-1,-1
33,0,598.04,174.47,620.66,187.75,-1,-1,-1,-1
33,1,717.65,173.09,736.49,188.43,-1,-1,-1,-1
34,0,595.45,174.24,618.56,187.81,-1,-1,-1,-1
34,1,717.95,172.48,736.98,188.08,-1,-1,-1,-1
35,0,592.75,174.00,616.37,187.88,-1,-1,-1,-1
35,1,718.26,172.28,737.48,188.16,-1,-1,-1,-1
36,0,588.56,173.19,612.89,187.43,-1,-1,-1,-1
36,1,718.57,171.44,738.00,187.61,-1,-1,-1,-1
37,0,584.14,172.32,609.22,186.96,-1,-1,-1,-1
37,1,718.90,170.61,738.53,187.08,-1,-1,-1,-1
38,0,579.01,173.56,604.92,188.61,-1,-1,-1,-1
38,1,719.29,173.26,739.12,190.02,-1,-1,-1,-1
39,0,573.88,173.07,600.65,188.55,-1,-1,-1,-1
39,1,718.87,173.19,738.92,190.26,-1,-1,-1,-1
40,0,568.44,172.55,596.15,188.49,-1,-1,-1,-1
40,1,718.44,173.12,738.72,190.51,-1,-1,-1,-1
41,0,562.67,171.99,591.39,188.43,-1,-1,-1,-1
41,1,717.99,173.04,738.51,190.78,-1,-1,-1,-1
42,0,556.51,172.97,586.33,189.93,-1,-1,-1,-1
42,1,717.53,172.96,738.29,191.05,-1,-1,-1,-1
43,0,549.96,174.02,580.97,191.53,-1,-1,-1,-1
43,1,717.05,172.88,738.07,191.34,-1,-1,-1,-1
44,0,542.98,174.38,575.27,192.48,-1,-1,-1,-1
44,1,717.09,173.10,738.38,191.98,-1,-1,-1,-1
45,0,536.07,176.04,569.72,194.78,-1,-1,-1,-1
45,1,717.03,174.45,738.76,193.71,-1,-1,-1,-1
46,0,528.64,177.83,563.79,197.25,-1,-1,-1,-1
46,1,716.97,175.86,739.16,195.51,-1,-1,-1,-1
47,0,520.47,177.65,557.26,197.81,-1,-1,-1,-1
47,1,716.60,176.12,739.27,196.19,-1,-1,-1,-1
48,0,511.65,177.46,550.26,198.42,-1,-1,-1,-1
48,1,716.21,176.40,739.38,196.91,-1,-1,-1,-1
49,0,501.87,178.19,542.47,200.03,-1,-1,-1,-1
49,1,715.81,176.69,739.49,197.66,-1,-1,-1,-1
50,0,491.21,177.29,534.04,200.09,-1,-1,-1,-1
50,1,714.91,176.26,739.12,197.70,-1,-1,-1,-1
51,0,479.58,176.31,524.90,200.17,-1,-1,-1,-1
51,1,713.96,175.80,738.73,197.75,-1,-1,-1,-1
52,0,466.84,176.77,514.97,201.77,-1,-1,-1,-1
52,1,712.98,175.32,738.33,197.79,-1,-1,-1,-1
52,5,888.05,166.86,930.67,182.62,-1,-1,-1,-1
53,0,452.81,177.28,504.13,203.53,-1,-1,-1,-1
53,1,711.58,175.44,737.54,198.45,-1,-1,-1,-1
53,3,592.92,173.33,602.55,192.74,-1,-1,-1,-1
53,5,887.61,166.73,930.85,182.69,-1,-1,-1,-1
54,0,438.47,177.55,493.29,205.19,-1,-1,-1,-1
54,1,710.00,175.57,736.72,199.15,-1,-1,-1,-1
54,3,592.79,173.22,599.12,193.02,-1,-1,-1,-1
54,5,887.16,166.60,931.04,182.76,-1,-1,-1,-1
55,0,422.52,177.85,481.37,207.03,-1,-1,-1,-1
55,1,708.62,174.79,736.19,198.98,-1,-1,-1,-1
55,3,589.96,173.11,596.33,193.30,-1,-1,-1,-1
55,5,886.71,166.46,931.23,182.83,-1,-1,-1,-1
56,0,404.70,178.18,468.19,209.09,-1,-1,-1,-1
56,1,707.16,173.96,735.64,198.79,-1,-1,-1,-1
56,3,587.11,173.00,593.61,193.60,-1,-1,-1,-1
56,5,886.24,166.31,931.43,182.91,-1,-1,-1,-1
57,0,384.78,179.30,453.68,212.15,-1,-1,-1,-1
57,1,705.56,174.86,734.96,200.36,-1,-1,-1,-1
57,3,584.73,172.88,590.72,193.90,-1,-1,-1,-1
57,5,885.76,166.17,931.63,182.99,-1,-1,-1,-1
58,0,362.18,180.43,437.46,215.63,-1,-1,-1,-1
58,1,703.86,175.82,734.24,202.01,-1,-1,-1,-1
58,2,828.12,171.07,871.24,185.88,-1,-1,-1,-1
58,3,582.48,172.75,588.15,194.22,-1,-1,-1,-1
58,5,885.20,167.01,931.77,184.04,-1,-1,-1,-1
59,0,338.86,180.24,420.62,217.89,-1,-1,-1,-1
59,1,702.09,176.82,733.47,203.76,-1,-1,-1,-1
59,2,824.44,170.44,868.06,185.45,-1,-1,-1,-1
59,3,579.26,172.62,586.04,194.51,-1,-1,-1,-1
59,5,884.63,168.29,931.92,185.53,-1,-1,-1,-1
60,0,311.99,180.03,401.57,220.50,-1,-1,-1,-1
60,1,700.43,175.88,732.87,203.59,-1,-1,-1,-1
60,2,820.67,169.79,864.79,185.01,-1,-1,-1,-1
60,3,575.87,172.47,583.54,194.81,-1,-1,-1,-1
60,5,884.02,167.71,932.04,185.20,-1,-1,-1,-1
61,0,280.69,179.78,379.87,223.54,-1,-1,-1,-1
61,1,698.68,174.88,732.23,203.40,-1,-1,-1,-1
61,2,816.79,169.12,861.43,184.55,-1,-1,-1,-1
61,3,572.46,172.33,580.19,195.12,-1,-1,-1,-1
61,5,883.39,166.55,932.16,184.31,-1,-1,-1,-1
62,0,245.29,179.44,356.43,227.05,-1,-1,-1,-1
62,1,696.84,173.82,731.55,203.21,-1,-1,-1,-1
62,2,812.76,168.44,857.98,184.09,-1,-1,-1,-1
62,3,568.83,172.17,576.33,195.45,-1,-1,-1,-1
62,5,882.74,165.38,932.29,183.41,-1,-1,-1,-1
62,7,1039.93,161.26,1097.87,183.01,-1,-1,-1,-1
63,0,203.00,179.00,329.23,231.25,-1,-1,-1,-1
63,1,696.00,173.81,732.07,204.10,-1,-1,-1,-1
63,2,808.58,167.73,854.44,183.60,-1,-1,-1,-1
63,3,566.69,172.01,573.58,195.79,-1,-1,-1,-1
63,5,883.52,164.39,933.88,182.70,-1,-1,-1,-1
63,7,1043.16,160.55,1102.13,182.63,-1,-1,-1,-1
64,0,154.35,180.82,299.69,238.90,-1,-1,-1,-1
64,1,695.12,173.79,732.62,205.05,-1,-1,-1,-1
64,2,804.91,167.35,851.27,183.42,-1,-1,-1,-1
64,3,565.50,171.86,571.50,196.13,-1,-1,-1,-1
64,5,884.34,164.65,935.54,183.21,-1,-1,-1,-1
64,7,1046.48,159.81,1106.52,182.23,-1,-1,-1,-1
65,0,94.00,182.83,264.52,248.40,-1,-1,-1,-1
65,1,695.01,174.02,734.08,206.25,-1,-1,-1,-1
65,2,801.18,169.78,848.06,186.03,-1,-1,-1,-1
65,3,562.85,171.70,570.42,196.48,-1,-1,-1,-1
65,5,885.18,164.99,937.25,183.82,-1,-1,-1,-1
65,7,1049.91,159.06,1111.04,181.83,-1,-1,-1,-1
66,0,23.14,183.90,225.74,258.36,-1,-1,-1,-1
66,1,694.90,174.26,735.64,207.53,-1,-1,-1,-1
66,2,797.32,169.25,844.72,185.72,-1,-1,-1,-1
66,3,560.17,171.53,569.17,196.85,-1,-1,-1,-1
66,5,886.07,166.52,939.02,185.61,-1,-1,-1,-1
66,7,1053.43,158.28,1115.70,181.41,-1,-1,-1,-1
67,0,0.00,185.22,178.29,270.98,-1,-1,-1,-1
67,1,694.79,174.51,737.30,208.89,-1,-1,-1,-1
67,2,793.35,167.92,841.29,184.63,-1,-1,-1,-1
67,3,558.35,171.36,567.12,197.23,-1,-1,-1,-1
67,5,886.93,164.38,940.80,183.79,-1,-1,-1,-1
67,7,1057.07,157.48,1120.50,180.97,-1,-1,-1,-1
68,0,0.00,186.87,118.86,274.89,-1,-1,-1,-1
68,1,695.38,173.32,739.90,208.87,-1,-1,-1,-1
68,2,789.27,166.75,837.76,183.70,-1,-1,-1,-1
68,3,556.31,171.18,564.64,197.63,-1,-1,-1,-1
68,5,886.83,162.45,941.49,182.17,-1,-1,-1,-1
68,7,1062.30,156.10,1126.99,179.99,-1,-1,-1,-1
69,0,0.00,189.79,47.24,277.14,-1,-1,-1,-1
69,1,696.01,172.03,742.68,208.86,-1,-1,-1,-1
69,2,784.03,165.34,833.12,182.53,-1,-1,-1,-1
69,3,553.88,171.01,562.51,198.00,-1,-1,-1,-1
69,5,886.73,161.42,942.21,181.43,-1,-1,-1,-1
69,7,1067.71,155.13,1133.69,179.42,-1,-1,-1,-1
70,1,696.94,172.53,745.76,210.56,-1,-1,-1,-1
70,2,778.66,164.95,828.36,182.38,-1,-1,-1,-1
70,3,551.45,170.83,559.12,198.37,-1,-1,-1,-1
70,5,886.64,161.14,942.96,181.45,-1,-1,-1,-1
70,7,1073.29,154.43,1140.61,179.12,-1,-1,-1,-1
71,1,697.92,173.05,749.05,212.37,-1,-1,-1,-1
71,2,773.17,166.29,823.50,183.93,-1,-1,-1,-1
71,3,548.18,170.63,557.21,198.75,-1,-1,-1,-1
71,5,886.56,161.71,943.75,182.30,-1,-1,-1,-1
71,7,1079.05,154.23,1147.78,179.33,-1,-1,-1,-1
72,1,699.61,174.12,753.07,214.81,-1,-1,-1,-1
72,2,767.53,167.43,818.51,185.30,-1,-1,-1,-1
72,3,545.15,170.42,555.15,199.15,-1,-1,-1,-1
72,4,772.64,167.29,813.63,199.21,-1,-1,-1,-1
72,5,886.50,163.43,944.59,184.29,-1,-1,-1,-1
72,7,1085.03,155.63,1155.22,181.12,-1,-1,-1,-1
73,1,701.40,175.25,757.39,217.43,-1,-1,-1,-1
73,2,761.74,169.08,813.38,187.18,-1,-1,-1,-1
73,3,542.85,170.21,553.18,199.62,-1,-1,-1,-1
73,4,775.40,166.82,817.33,199.50,-1,-1,-1,-1
73,5,885.15,163.93,944.03,185.08,-1,-1,-1,-1
73,7,1091.39,155.23,1163.08,181.15,-1,-1,-1,-1
74,1,703.31,176.48,762.03,220.25,-1,-1,-1,-1
74,2,755.79,171.00,808.10,189.33,-1,-1,-1,-1
74,3,540.40,170.01,551.40,199.93,-1,-1,-1,-1
74,4,778.31,167.67,821.24,201.15,-1,-1,-1,-1
74,5,883.77,164.84,943.45,186.27,-1,-1,-1,-1
74,7,1097.96,154.82,1171.20,181.17,-1,-1,-1,-1
75,1,705.35,177.80,767.05,223.30,-1,-1,-1,-1
75,2,749.15,170.86,802.76,189.47,-1,-1,-1,-1
75,3,538.36,169.80,548.38,200.32,-1,-1,-1,-1
75,4,781.36,167.91,825.33,202.25,-1,-1,-1,-1
75,5,882.35,165.25,942.86,186.98,-1,-1,-1,-1
75,7,1104.74,154.40,1179.59,181.20,-1,-1,-1,-1
76,1,706.94,176.58,771.78,223.96,-1,-1,-1,-1
76,2,742.30,168.44,797.18,187.38,-1,-1,-1,-1
76,3,536.99,169.59,545.99,200.71,-1,-1,-1,-1
76,4,784.54,165.70,829.59,200.94,-1,-1,-1,-1
76,5,880.85,163.13,942.20,185.22,-1,-1,-1,-1
76,7,1111.74,153.96,1188.28,181.22,-1,-1,-1,-1
77,1,708.64,175.26,776.91,224.68,-1,-1,-1,-1
77,2,735.28,166.82,791.39,186.06,-1,-1,-1,-1
77,3,533.66,169.34,542.44,201.10,-1,-1,-1,-1
77,4,787.89,163.66,834.09,199.88,-1,-1,-1,-1
77,5,879.32,162.55,941.56,184.98,-1,-1,-1,-1
77,7,1118.98,153.51,1197.27,181.25,-1,-1,-1,-1
78,1,710.47,173.82,782.51,225.46,-1,-1,-1,-1
78,2,728.08,165.87,785.40,185.41,-1,-1,-1,-1
78,3,529.72,169.09,539.72,201.48,-1,-1,-1,-1
78,4,791.43,162.17,838.84,199.41,-1,-1,-1,-1
78,5,874.58,161.12,937.38,183.85,-1,-1,-1,-1
78,7,1124.19,153.95,1203.98,182.09,-1,-1,-1,-1
78,14,362.42,176.81,412.89,197.28,-1,-1,-1,-1
79,1,712.83,175.15,789.07,229.18,-1,-1,-1,-1
79,2,720.72,169.33,779.22,189.19,-1,-1,-1,-1
79,3,528.87,169.60,537.35,202.80,-1,-1,-1,-1
79,4,795.21,163.90,843.89,202.16,-1,-1,-1,-1
79,5,869.75,162.60,933.14,185.59,-1,-1,-1,-1
79,7,1129.54,153.36,1210.87,181.95,-1,-1,-1,-1
79,14,361.75,177.76,414.09,198.65,-1,-1,-1,-1
80,1,715.38,176.62,796.26,233.27,-1,-1,-1,-1
80,2,711.75,169.95,771.43,190.16,-1,-1,-1,-1
80,3,528.01,170.13,534.68,204.19,-1,-1,-1,-1
80,4,799.21,165.67,849.23,205.05,-1,-1,-1,-1
80,5,864.81,164.07,928.80,187.32,-1,-1,-1,-1
80,7,1135.10,155.84,1218.05,184.81,-1,-1,-1,-1
80,14,361.12,178.75,415.27,200.08,-1,-1,-1,-1
81,1,718.17,177.01,803.54,236.13,-1,-1,-1,-1
81,2,702.49,170.60,763.33,191.17,-1,-1,-1,-1
81,3,525.76,170.70,532.45,205.66,-1,-1,-1,-1
81,4,803.42,165.62,854.87,206.20,-1,-1,-1,-1
81,5,859.74,165.31,924.33,188.84,-1,-1,-1,-1
81,7,1140.80,156.72,1225.42,186.14,-1,-1,-1,-1
81,14,360.53,179.78,416.42,201.60,-1,-1,-1,-1
82,1,721.16,177.43,811.49,239.26,-1,-1,-1,-1
82,2,692.92,171.26,754.89,192.22,-1,-1,-1,-1
82,3,523.32,171.29,529.82,207.20,-1,-1,-1,-1
82,4,807.99,173.04,860.94,214.90,-1,-1,-1,-1
82,5,854.54,166.99,919.75,190.80,-1,-1,-1,-1
82,7,1146.69,157.71,1233.03,187.58,-1,-1,-1,-1
82,14,361.53,179.70,418.51,201.94,-1,-1,-1,-1
82,16,600.57,175.65,620.88,189.55,-1,-1,-1,-1
82,17,566.20,175.60,589.78,189.80,-1,-1,-1,-1
83,1,724.38,177.90,820.21,242.69,-1,-1,-1,-1
83,2,683.04,171.95,746.11,193.32,-1,-1,-1,-1
83,3,516.56,171.19,526.25,208.10,-1,-1,-1,-1
83,4,811.80,172.87,866.05,215.82,-1,-1,-1,-1
83,5,848.13,166.94,913.79,191.01,-1,-1,-1,-1
83,7,1150.06,157.52,1237.87,187.81,-1,-1,-1,-1
83,14,362.58,179.63,420.66,202.29,-1,-1,-1,-1
83,16,599.32,175.62,619.82,189.65,-1,-1,-1,-1
83,17,564.74,175.57,588.55,189.90,-1,-1,-1,-1
84,1,727.85,178.42,829.79,246.46,-1,-1,-1,-1
84,2,672.81,172.67,736.96,194.45,-1,-1,-1,-1
84,3,509.07,171.08,521.73,209.05,-1,-1,-1,-1
84,4,815.82,172.68,871.62,216.79,-1,-1,-1,-1
84,5,841.58,166.88,907.68,191.24,-1,-1,-1,-1
84,6,986.48,167.68,1073.65,191.15,-1,-1,-1,-1
84,7,1153.52,157.33,1241.00,188.06,-1,-1,-1,-1
84,14,363.67,179.55,422.90,202.66,-1,-1,-1,-1
84,16,598.05,175.59,618.74,189.76,-1,-1,-1,-1
84,17,563.25,175.53,587.30,190.00,-1,-1,-1,-1
85,1,731.61,178.98,840.40,250.63,-1,-1,-1,-1
85,2,662.43,172.64,727.82,194.92,-1,-1,-1,-1
85,3,506.59,170.96,518.64,210.05,-1,-1,-1,-1
85,4,820.05,172.49,877.51,217.82,-1,-1,-1,-1
85,5,834.88,166.82,901.42,191.46,-1,-1,-1,-1
85,6,982.96,164.71,1070.98,188.54,-1,-1,-1,-1
85,7,1157.08,157.21,1241.00,188.31,-1,-1,-1,-1
85,14,364.80,179.47,425.23,203.04,-1,-1,-1,-1
85,16,596.75,175.56,617.64,189.87,-1,-1,-1,-1
85,17,561.74,175.50,586.02,190.11,-1,-1,-1,-1
86,1,735.32,179.57,851.17,254.87,-1,-1,-1,-1
86,2,651.60,172.62,718.25,195.40,-1,-1,-1,-1
86,3,503.70,170.83,514.70,211.11,-1,-1,-1,-1
86,4,824.52,172.29,883.74,218.90,-1,-1,-1,-1
86,5,828.02,166.76,895.02,191.69,-1,-1,-1,-1
86,6,979.42,166.53,1068.34,190.59,-1,-1,-1,-1
86,7,1160.75,157.07,1241.00,188.57,-1,-1,-1,-1
86,14,365.97,179.39,427.65,203.44,-1,-1,-1,-1
86,16,595.42,175.53,616.53,189.98,-1,-1,-1,-1
86,17,560.20,175.46,584.72,190.22,-1,-1,-1,-1
87,1,739.34,180.21,863.11,259.57,-1,-1,-1,-1
87,2,640.30,172.60,708.22,195.91,-1,-1,-1,-1
87,3,500.48,170.82,512.29,211.98,-1,-1,-1,-1
87,4,829.25,172.07,890.33,220.05,-1,-1,-1,-1
87,5,821.01,166.70,888.46,191.93,-1,-1,-1,-1
87,6,975.75,164.47,1065.56,188.89,-1,-1,-1,-1
87,7,1164.53,156.94,1241.00,188.84,-1,-1,-1,-1
87,14,368.96,179.27,432.27,203.79,-1,-1,-1,-1
87,16,594.07,175.50,615.38,190.09,-1,-1,-1,-1
87,17,558.62,175.42,583.40,190.33,-1,-1,-1,-1
88,1,743.70,180.75,876.40,264.80,-1,-1,-1,-1
88,2,628.49,172.58,697.71,196.45,-1,-1,-1,-1
88,3,496.88,170.81,509.22,212.88,-1,-1,-1,-1
88,4,834.25,171.84,897.32,221.27,-1,-1,-1,-1
88,5,812.97,166.69,881.46,192.24,-1,-1,-1,-1
88,6,972.00,163.96,1062.74,188.69,-1,-1,-1,-1
88,7,1165.34,156.75,1241.00,189.03,-1,-1,-1,-1
88,14,372.45,179.13,436.63,204.15,-1,-1,-1,-1
88,15,255.99,181.49,310.36,204.79,-1,-1,-1,-1
88,16,592.69,175.46,614.22,190.21,-1,-1,-1,-1
88,17,557.02,175.39,582.05,190.44,-1,-1,-1,-1
89,1,748.45,181.34,891.29,270.66,-1,-1,-1,-1
89,2,616.14,172.56,686.67,197.01,-1,-1,-1,-1
89,3,492.36,170.80,506.19,213.83,-1,-1,-1,-1
89,4,839.56,171.60,904.75,222.56,-1,-1,-1,-1
89,5,804.75,166.68,874.26,192.55,-1,-1,-1,-1
89,6,968.23,167.29,1059.91,192.25,-1,-1,-1,-1
89,7,1166.18,156.55,1241.00,189.23,-1,-1,-1,-1
89,14,376.47,178.98,440.74,204.52,-1,-1,-1,-1
89,15,251.63,181.31,307.23,205.14,-1,-1,-1,-1
89,16,591.29,175.43,613.04,190.32,-1,-1,-1,-1
89,17,555.38,175.35,580.67,190.55,-1,-1,-1,-1
90,1,753.11,181.68,905.69,276.03,-1,-1,-1,-1
90,2,604.67,172.92,676.57,198.00,-1,-1,-1,-1
90,3,487.49,170.79,502.49,214.82,-1,-1,-1,-1
90,4,845.20,171.34,912.65,223.94,-1,-1,-1,-1
90,5,796.34,166.68,866.86,192.88,-1,-1,-1,-1
90,6,962.32,163.86,1054.59,189.16,-1,-1,-1,-1
90,7,1167.03,156.35,1241.00,189.43,-1,-1,-1,-1
90,14,381.05,178.82,444.59,204.89,-1,-1,-1,-1
90,15,247.07,181.11,303.97,205.52,-1,-1,-1,-1
90,16,589.85,175.39,611.83,190.44,-1,-1,-1,-1
90,17,553.71,175.31,579.27,190.67,-1,-1,-1,-1
91,1,758.16,182.04,921.76,282.02,-1,-1,-1,-1
91,2,592.64,173.30,665.95,199.05,-1,-1,-1,-1
91,3,484.22,170.78,499.27,215.86,-1,-1,-1,-1
91,4,851.21,171.07,921.07,225.41,-1,-1,-1,-1
91,5,787.73,166.67,859.26,193.21,-1,-1,-1,-1
91,6,956.32,162.76,1049.19,188.34,-1,-1,-1,-1
91,7,1167.91,156.15,1241.00,189.63,-1,-1,-1,-1
91,14,386.41,178.64,450.31,205.13,-1,-1,-1,-1
91,15,244.66,181.32,302.67,206.20,-1,-1,-1,-1
91,16,588.38,175.36,610.59,190.57,-1,-1,-1,-1
91,17,552.00,175.27,577.84,190.79,-1,-1,-1,-1
92,1,763.65,182.44,939.82,288.74,-1,-1,-1,-1
92,2,580.00,173.70,654.77,200.16,-1,-1,-1,-1
92,3,480.76,170.77,495.43,216.94,-1,-1,-1,-1
92,4,857.50,170.77,930.07,226.97,-1,-1,-1,-1
92,5,778.92,166.67,851.45,193.55,-1,-1,-1,-1
92,6,950.23,163.03,1043.71,188.88,-1,-1,-1,-1
92,7,1168.81,155.94,1241.00,189.84,-1,-1,-1,-1
92,14,391.95,178.46,456.18,205.37,-1,-1,-1,-1
92,15,242.16,181.53,301.32,206.91,-1,-1,-1,-1
92,16,586.88,175.32,609.34,190.69,-1,-1,-1,-1
92,17,550.26,175.23,576.38,190.91,-1,-1,-1,-1
93,1,769.64,182.88,960.26,296.35,-1,-1,-1,-1
93,2,566.69,174.11,642.98,201.32,-1,-1,-1,-1
93,3,476.97,170.67,491.50,217.82,-1,-1,-1,-1
93,4,858.62,170.58,933.16,228.21,-1,-1,-1,-1
93,5,770.18,166.68,843.80,193.93,-1,-1,-1,-1
93,6,944.02,163.64,1038.11,189.74,-1,-1,-1,-1
93,7,1166.64,155.77,1241.00,190.05,-1,-1,-1,-1
93,14,398.24,178.23,462.47,205.46,-1,-1,-1,-1
93,15,239.56,181.75,299.93,207.65,-1,-1,-1,-1
93,16,585.68,174.95,608.29,190.41,-1,-1,-1,-1
93,17,548.60,175.32,574.96,191.12,-1,-1,-1,-1
94,1,775.46,183.27,981.00,304.03,-1,-1,-1,-1
94,2,552.66,174.55,630.56,202.56,-1,-1,-1,-1
94,3,473.07,170.56,487.07,218.73,-1,-1,-1,-1
94,4,864.37,170.29,941.69,229.69,-1,-1,-1,-1
94,5,761.24,166.70,835.91,194.31,-1,-1,-1,-1
94,6,937.67,163.68,1032.38,190.06,-1,-1,-1,-1
94,7,1164.43,155.60,1241.00,190.27,-1,-1,-1,-1
94,14,404.70,178.01,468.88,205.56,-1,-1,-1,-1
94,15,236.86,181.98,298.47,208.43,-1,-1,-1,-1
94,16,584.47,174.57,607.23,190.12,-1,-1,-1,-1
94,17,546.92,175.42,573.51,191.33,-1,-1,-1,-1
95,1,781.80,183.71,1004.51,312.74,-1,-1,-1,-1
95,2,539.10,174.66,618.83,203.58,-1,-1,-1,-1
95,3,469.06,170.45,483.25,219.68,-1,-1,-1,-1
95,4,869.49,170.03,949.42,231.07,-1,-1,-1,-1
95,5,752.07,166.72,827.79,194.71,-1,-1,-1,-1
95,6,931.24,167.29,1026.58,193.86,-1,-1,-1,-1
95,7,1162.18,155.42,1241.00,190.49,-1,-1,-1,-1
95,14,411.32,177.77,476.11,205.66,-1,-1,-1,-1
95,15,234.05,182.21,296.96,209.23,-1,-1,-1,-1
95,16,583.24,174.19,606.16,189.84,-1,-1,-1,-1
95,17,545.21,175.51,572.04,191.55,-1,-1,-1,-1
96,1,788.73,184.18,1031.40,322.70,-1,-1,-1,-1
96,2,524.66,174.77,606.33,204.66,-1,-1,-1,-1
96,3,464.55,170.33,478.55,220.68,-1,-1,-1,-1
96,4,874.75,169.76,957.36,232.48,-1,-1,-1,-1
96,5,742.68,166.75,819.43,195.12,-1,-1,-1,-1
96,6,923.70,164.14,1019.39,191.01,-1,-1,-1,-1
96,7,1159.88,155.24,1241.00,190.72,-1,-1,-1,-1
96,14,420.11,177.69,485.13,205.79,-1,-1,-1,-1
96,15,231.34,182.21,296.87,209.71,-1,-1,-1,-1
96,16,582.00,173.81,605.08,189.54,-1,-1,-1,-1
96,17,543.47,175.61,570.55,191.77,-1,-1,-1,-1
97,1,796.32,184.70,1062.45,334.18,-1,-1,-1,-1
97,2,509.25,174.88,593.02,205.82,-1,-1,-1,-1
97,3,460.47,170.21,475.34,221.72,-1,-1,-1,-1
97,4,880.65,169.45,966.29,234.07,-1,-1,-1,-1
97,5,733.06,166.77,810.81,195.54,-1,-1,-1,-1
97,6,916.12,166.85,1012.18,193.88,-1,-1,-1,-1
97,7,1157.54,155.06,1241.00,190.95,-1,-1,-1,-1
97,14,427.84,177.60,494.18,205.92,-1,-1,-1,-1
97,15,228.56,182.21,296.74,210.21,-1,-1,-1,-1
97,16,580.75,173.42,603.98,189.25,-1,-1,-1,-1
97,17,541.71,175.70,569.04,192.00,-1,-1,-1,-1
98,1,803.65,185.31,1093.21,345.62,-1,-1,-1,-1
98,2,492.78,175.01,578.81,207.06,-1,-1,-1,-1
98,3,456.09,170.08,471.42,222.81,-1,-1,-1,-1
98,4,886.18,169.17,974.68,235.55,-1,-1,-1,-1
98,5,722.35,167.20,801.18,196.42,-1,-1,-1,-1
98,6,908.34,164.46,1004.76,191.78,-1,-1,-1,-1
98,7,1152.98,155.43,1241.00,191.74,-1,-1,-1,-1
98,14,437.39,177.50,504.94,205.93,-1,-1,-1,-1
98,15,225.70,182.22,296.56,210.73,-1,-1,-1,-1
98,16,579.05,173.58,602.57,189.57,-1,-1,-1,-1
98,17,539.91,175.80,567.50,192.22,-1,-1,-1,-1
99,1,811.63,185.97,1128.60,358.77,-1,-1,-1,-1
99,2,475.10,175.14,563.61,208.39,-1,-1,-1,-1
99,3,450.28,169.95,467.85,223.96,-1,-1,-1,-1
99,4,891.90,168.88,983.36,237.06,-1,-1,-1,-1
99,5,711.33,167.64,791.23,197.33,-1,-1,-1,-1
99,6,900.48,165.26,997.27,192.78,-1,-1,-1,-1
99,7,1148.33,155.81,1241.00,192.54,-1,-1,-1,-1
99,14,447.09,177.40,515.66,205.93,-1,-1,-1,-1
99,15,222.77,182.22,296.34,211.26,-1,-1,-1,-1
99,16,577.32,173.74,601.13,189.90,-1,-1,-1,-1
99,17,538.09,175.90,565.94,192.46,-1,-1,-1,-1
100,1,820.36,186.69,1169.79,374.00,-1,-1,-1,-1
100,2,457.76,175.59,549.26,210.26,-1,-1,-1,-1
100,3,445.21,169.88,464.55,224.91,-1,-1,-1,-1
100,4,898.75,168.55,993.59,238.76,-1,-1,-1,-1
100,5,699.97,168.09,780.96,198.28,-1,-1,-1,-1
100,6,892.51,167.42,989.67,195.12,-1,-1,-1,-1
100,7,1143.59,156.20,1241.00,193.36,-1,-1,-1,-1
100,14,456.93,177.30,526.35,205.93,-1,-1,-1,-1
100,15,219.75,182.22,296.06,211.82,-1,-1,-1,-1
100,16,575.54,173.91,599.67,190.24,-1,-1,-1,-1
100,17,536.24,176.00,564.36,192.69,-1,-1,-1,-1
101,1,829.95,187.49,1217.98,374.00,-1,-1,-1,-1
101,2,438.94,176.07,533.78,212.29,-1,-1,-1,-1
101,3,442.15,169.81,460.80,225.91,-1,-1,-1,-1
101,4,905.00,168.24,1002.97,240.32,-1,-1,-1,-1
101,5,688.26,168.56,770.33,199.26,-1,-1,-1,-1
101,6,884.39,167.50,982.00,195.43,-1,-1,-1,-1
101,7,1138.75,156.60,1241.00,194.19,-1,-1,-1,-1
101,14,465.66,177.25,536.01,206.13,-1,-1,-1,-1
101,15,220.66,182.18,298.18,212.25,-1,-1,-1,-1
101,16,573.73,174.07,598.17,190.59,-1,-1,-1,-1
101,17,534.36,176.11,562.75,192.93,-1,-1,-1,-1
102,1,840.52,188.37,1241.00,374.00,-1,-1,-1,-1
102,2,418.44,176.58,517.04,214.51,-1,-1,-1,-1
102,3,438.79,169.73,456.29,226.94,-1,-1,-1,-1
102,4,911.56,167.92,1012.81,241.92,-1,-1,-1,-1
102,5,676.18,169.05,759.35,200.27,-1,-1,-1,-1
102,6,876.14,167.59,974.19,195.75,-1,-1,-1,-1
102,7,1133.82,157.01,1241.00,195.04,-1,-1,-1,-1
102,14,474.59,177.20,545.76,206.33,-1,-1,-1,-1
102,15,221.59,182.14,300.36,212.68,-1,-1,-1,-1
102,16,572.75,174.19,597.25,190.74,-1,-1,-1,-1
102,17,533.57,176.18,562.12,193.10,-1,-1,-1,-1
103,1,850.94,189.22,1241.00,374.00,-1,-1,-1,-1
103,2,396.01,177.14,498.88,216.93,-1,-1,-1,-1
103,3,434.65,169.65,452.29,228.02,-1,-1,-1,-1
103,4,918.99,167.57,1023.95,243.72,-1,-1,-1,-1
103,5,663.70,169.54,748.00,201.32,-1,-1,-1,-1
103,6,867.75,167.67,966.25,196.07,-1,-1,-1,-1
103,7,1126.50,156.96,1236.35,195.27,-1,-1,-1,-1
103,14,483.73,177.15,555.59,206.53,-1,-1,-1,-1
103,15,222.55,182.10,302.61,213.14,-1,-1,-1,-1
103,16,571.75,174.32,596.33,190.90,-1,-1,-1,-1
103,17,532.78,176.26,561.48,193.27,-1,-1,-1,-1
104,1,862.41,190.16,1241.00,374.00,-1,-1,-1,-1
104,2,375.77,177.76,483.20,219.73,-1,-1,-1,-1
104,3,430.39,169.57,447.72,229.14,-1,-1,-1,-1
104,4,925.60,167.24,1033.96,245.37,-1,-1,-1,-1
104,5,652.05,169.37,737.58,201.74,-1,-1,-1,-1
104,6,859.23,167.76,958.19,196.40,-1,-1,-1,-1
104,7,1119.08,156.94,1229.10,195.50,-1,-1,-1,-1
104,14,492.34,177.21,564.28,206.63,-1,-1,-1,-1
104,15,223.55,182.05,304.93,213.61,-1,-1,-1,-1
104,16,570.76,174.44,595.41,191.06,-1,-1,-1,-1
104,17,531.97,176.33,560.83,193.44,-1,-1,-1,-1
105,1,875.10,191.20,1241.00,374.00,-1,-1,-1,-1
105,2,353.30,178.44,465.98,222.84,-1,-1,-1,-1
105,3,425.92,169.49,443.98,230.30,-1,-1,-1,-1
105,4,933.29,166.88,1045.52,247.21,-1,-1,-1,-1
105,5,639.99,169.18,726.75,202.16,-1,-1,-1,-1
105,6,850.57,167.85,949.99,196.74,-1,-1,-1,-1
105,7,1111.57,156.92,1221.75,195.74,-1,-1,-1,-1
105,14,501.03,177.26,572.93,206.72,-1,-1,-1,-1
105,15,224.57,182.01,307.33,214.09,-1,-1,-1,-1
105,16,569.75,174.56,594.48,191.22,-1,-1,-1,-1
105,17,531.15,176.41,560.18,193.62,-1,-1,-1,-1
106,1,889.22,192.36,1241.00,374.00,-1,-1,-1,-1
106,2,328.22,179.19,446.99,226.31,-1,-1,-1,-1
106,3,421.10,169.40,439.43,231.52,-1,-1,-1,-1
106,4,940.54,166.53,1056.40,248.91,-1,-1,-1,-1
106,5,627.49,169.00,715.51,202.61,-1,-1,-1,-1
106,6,842.28,167.98,942.17,197.11,-1,-1,-1,-1
106,7,1103.96,156.90,1214.30,195.97,-1,-1,-1,-1
106,14,511.56,176.73,583.15,206.13,-1,-1,-1,-1
106,15,227.30,181.19,312.65,213.62,-1,-1,-1,-1
106,16,568.75,174.68,593.55,191.38,-1,-1,-1,-1
106,17,530.33,176.49,559.52,193.80,-1,-1,-1,-1
107,1,901.48,193.76,1241.00,374.00,-1,-1,-1,-1
107,2,300.00,180.01,425.96,230.22,-1,-1,-1,-1
107,3,416.77,169.12,436.78,232.25,-1,-1,-1,-1
107,4,948.17,166.18,1067.77,250.65,-1,-1,-1,-1
107,5,615.30,169.50,704.65,203.82,-1,-1,-1,-1
107,6,833.86,168.11,934.23,197.48,-1,-1,-1,-1
107,7,1096.26,156.88,1206.75,196.21,-1,-1,-1,-1
107,14,522.11,176.19,593.31,205.53,-1,-1,-1,-1
107,15,230.20,180.36,318.02,213.14,-1,-1,-1,-1
107,16,568.62,174.97,593.55,191.78,-1,-1,-1,-1
107,17,529.49,176.56,558.85,193.98,-1,-1,-1,-1
108,1,914.89,195.29,1241.00,374.00,-1,-1,-1,-1
108,2,268.02,180.93,402.56,234.65,-1,-1,-1,-1
108,3,412.39,168.84,433.72,233.01,-1,-1,-1,-1
108,4,956.49,165.79,1080.28,252.58,-1,-1,-1,-1
108,5,602.63,170.01,693.34,205.09,-1,-1,-1,-1
108,6,825.30,168.25,926.16,197.87,-1,-1,-1,-1
108,7,1089.67,156.86,1200.35,196.44,-1,-1,-1,-1
108,14,532.67,175.66,603.40,204.94,-1,-1,-1,-1
108,15,233.26,179.51,323.43,212.64,-1,-1,-1,-1
108,16,568.49,175.26,593.55,192.18,-1,-1,-1,-1
108,17,528.65,176.64,558.18,194.16,-1,-1,-1,-1
109,1,929.59,196.97,1241.00,374.00,-1,-1,-1,-1
109,2,235.91,181.65,381.26,239.53,-1,-1,-1,-1
109,3,409.43,168.55,431.14,233.79,-1,-1,-1,-1
109,4,964.17,165.44,1091.80,254.33,-1,-1,-1,-1
109,5,590.39,170.38,682.65,206.32,-1,-1,-1,-1
109,6,816.60,168.39,917.95,198.26,-1,-1,-1,-1
109,7,1083.00,156.84,1193.87,196.68,-1,-1,-1,-1
109,14,543.25,175.14,613.44,204.34,-1,-1,-1,-1
109,15,237.22,179.50,329.37,212.92,-1,-1,-1,-1
109,16,568.35,175.56,593.54,192.59,-1,-1,-1,-1
109,17,527.79,176.72,557.49,194.34,-1,-1,-1,-1
110,1,945.79,198.82,1241.00,374.00,-1,-1,-1,-1
110,2,198.59,182.47,357.16,245.20,-1,-1,-1,-1
110,3,406.14,168.25,427.81,234.60,-1,-1,-1,-1
110,4,971.68,165.08,1103.24,256.11,-1,-1,-1,-1
110,5,577.59,170.76,671.44,207.61,-1,-1,-1,-1
110,6,807.76,168.52,909.61,198.65,-1,-1,-1,-1
110,7,1076.25,156.83,1187.30,196.91,-1,-1,-1,-1
110,14,553.84,174.61,623.41,203.75,-1,-1,-1,-1
110,15,241.39,179.49,335.28,213.33,-1,-1,-1,-1
110,16,568.22,175.86,593.54,193.00,-1,-1,-1,-1
110,17,526.93,176.80,556.80,194.52,-1,-1,-1,-1
111,1,963.74,200.87,1241.00,374.00,-1,-1,-1,-1
111,2,154.66,183.40,329.66,251.86,-1,-1,-1,-1
111,3,402.78,167.94,425.68,235.43,-1,-1,-1,-1
111,4,980.00,164.68,1115.95,258.09,-1,-1,-1,-1
111,5,564.18,171.16,659.68,208.96,-1,-1,-1,-1
111,6,798.29,168.69,900.84,199.13,-1,-1,-1,-1
111,7,1069.42,156.81,1180.64,197.15,-1,-1,-1,-1
111,14,563.86,174.51,632.01,203.43,-1,-1,-1,-1
111,15,245.80,179.48,341.15,213.75,-1,-1,-1,-1
111,16,568.08,176.17,593.54,193.42,-1,-1,-1,-1
111,17,526.05,176.89,556.11,194.71,-1,-1,-1,-1
112,1,980.34,202.83,1241.00,374.00,-1,-1,-1,-1
112,2,106.22,184.45,301.40,259.89,-1,-1,-1,-1
112,3,399.32,167.62,422.98,236.30,-1,-1,-1,-1
112,4,987.28,164.33,1127.17,259.86,-1,-1,-1,-1
112,5,550.03,171.19,647.44,210.00,-1,-1,-1,-1
112,6,788.66,168.85,891.87,199.61,-1,-1,-1,-1
112,7,1059.23,156.85,1169.98,197.31,-1,-1,-1,-1
112,14,573.85,174.40,640.42,203.11,-1,-1,-1,-1
112,15,250.45,179.46,347.00,214.18,-1,-1,-1,-1
112,16,567.94,176.48,593.53,193.85,-1,-1,-1,-1
112,17,525.17,176.97,555.40,194.90,-1,-1,-1,-1
113,1,998.57,204.98,1241.00,374.00,-1,-1,-1,-1
113,2,47.14,185.66,268.43,269.65,-1,-1,-1,-1
113,3,396.13,168.16,419.35,237.89,-1,-1,-1,-1
113,4,993.78,164.72,1136.87,262.02,-1,-1,-1,-1
113,5,535.12,171.20,634.57,211.10,-1,-1,-1,-1
113,6,778.88,169.02,882.70,200.10,-1,-1,-1,-1
113,7,1048.97,156.89,1159.25,197.48,-1,-1,-1,-1
113,14,583.82,174.30,648.62,202.80,-1,-1,-1,-1
113,15,258.20,179.36,355.02,214.38,-1,-1,-1,-1
113,16,567.80,176.79,593.53,194.28,-1,-1,-1,-1
113,17,524.88,176.96,555.22,194.95,-1,-1,-1,-1
114,1,1018.70,207.45,1241.00,374.00,-1,-1,-1,-1
114,2,0.00,187.10,229.50,281.79,-1,-1,-1,-1
114,3,392.56,168.71,414.89,239.53,-1,-1,-1,-1
114,4,1000.49,165.07,1146.93,264.20,-1,-1,-1,-1
114,5,519.39,171.16,621.02,212.26,-1,-1,-1,-1
114,6,768.93,169.19,873.31,200.60,-1,-1,-1,-1
114,7,1038.66,156.93,1148.44,197.64,-1,-1,-1,-1
114,14,593.76,174.19,656.64,202.48,-1,-1,-1,-1
114,15,266.29,179.26,362.86,214.59,-1,-1,-1,-1
114,16,567.66,177.11,593.53,194.72,-1,-1,-1,-1
114,17,524.58,176.94,555.04,195.00,-1,-1,-1,-1
115,1,1041.02,210.43,1241.00,374.00,-1,-1,-1,-1
115,2,0.00,188.95,187.34,296.05,-1,-1,-1,-1
115,3,389.47,169.29,413.86,241.22,-1,-1,-1,-1
115,4,1007.40,163.75,1157.34,264.77,-1,-1,-1,-1
115,5,504.18,171.24,608.09,213.64,-1,-1,-1,-1
115,6,758.80,169.37,863.72,201.11,-1,-1,-1,-1
115,7,1028.28,156.97,1137.57,197.81,-1,-1,-1,-1
115,14,603.68,174.08,664.48,202.17,-1,-1,-1,-1
115,15,274.74,179.16,370.54,214.78,-1,-1,-1,-1
115,16,567.51,177.43,593.53,195.16,-1,-1,-1,-1
115,17,524.29,176.93,554.86,195.05,-1,-1,-1,-1
116,1,1065.93,213.75,1241.00,374.00,-1,-1,-1,-1
116,2,0.00,191.21,135.82,298.50,-1,-1,-1,-1
116,3,387.23,169.22,413.23,241.96,-1,-1,-1,-1
116,4,1014.57,164.42,1168.20,267.42,-1,-1,-1,-1
116,5,488.05,171.33,594.42,215.10,-1,-1,-1,-1
116,6,748.04,169.55,853.52,201.66,-1,-1,-1,-1
116,7,1017.84,157.01,1126.63,197.97,-1,-1,-1,-1
116,14,612.22,173.80,671.59,201.61,-1,-1,-1,-1
116,15,283.73,178.84,377.92,214.66,-1,-1,-1,-1
116,16,567.36,177.76,593.52,195.61,-1,-1,-1,-1
116,17,523.99,176.91,554.67,195.10,-1,-1,-1,-1
117,1,1093.88,217.47,1241.00,374.00,-1,-1,-1,-1
117,2,0.00,194.04,71.46,300.36,-1,-1,-1,-1
117,3,384.84,169.15,409.69,242.70,-1,-1,-1,-1
117,4,1021.97,163.89,1179.47,268.94,-1,-1,-1,-1
117,5,470.93,171.42,579.96,216.66,-1,-1,-1,-1
117,6,737.06,169.74,843.09,202.23,-1,-1,-1,-1
117,7,1006.75,157.13,1114.86,198.17,-1,-1,-1,-1
117,14,620.63,173.52,678.56,201.06,-1,-1,-1,-1
117,15,293.08,178.51,385.09,214.53,-1,-1,-1,-1
117,16,567.21,178.09,593.52,196.06,-1,-1,-1,-1
117,17,523.69,176.90,554.49,195.15,-1,-1,-1,-1
118,3,382.31,169.08,405.65,243.47,-1,-1,-1,-1
118,4,1029.62,163.28,1191.19,270.47,-1,-1,-1,-1
118,5,453.81,171.51,566.03,218.47,-1,-1,-1,-1
118,6,725.85,169.93,832.41,202.81,-1,-1,-1,-1
118,7,995.62,157.25,1103.05,198.36,-1,-1,-1,-1
118,14,629.14,173.24,685.52,200.46,-1,-1,-1,-1
118,15,302.74,178.17,393.15,214.25,-1,-1,-1,-1
118,16,565.16,175.35,591.62,193.37,-1,-1,-1,-1
118,17,523.39,176.89,554.30,195.20,-1,-1,-1,-1
119,3,379.94,169.01,404.94,244.25,-1,-1,-1,-1
119,4,1037.56,163.70,1203.42,273.13,-1,-1,-1,-1
119,5,435.43,171.61,551.15,220.41,-1,-1,-1,-1
119,6,714.41,170.12,821.48,203.40,-1,-1,-1,-1
119,7,984.45,157.37,1091.20,198.55,-1,-1,-1,-1
119,14,637.49,172.96,692.32,199.87,-1,-1,-1,-1
119,15,312.62,177.84,402.50,213.95,-1,-1,-1,-1
119,16,565.06,175.46,591.58,193.51,-1,-1,-1,-1
119,17,523.09,176.87,554.11,195.25,-1,-1,-1,-1
120,3,377.51,168.93,403.84,245.05,-1,-1,-1,-1
120,4,1045.77,162.74,1216.14,274.48,-1,-1,-1,-1
120,5,415.63,171.72,535.25,222.50,-1,-1,-1,-1
120,6,701.67,170.49,809.52,204.24,-1,-1,-1,-1
120,7,973.24,157.50,1079.30,198.74,-1,-1,-1,-1
120,14,645.67,172.68,698.96,199.29,-1,-1,-1,-1
120,15,320.19,177.51,411.61,213.64,-1,-1,-1,-1
120,16,564.96,175.56,591.54,193.66,-1,-1,-1,-1
120,17,522.78,176.86,553.92,195.30,-1,-1,-1,-1
121,3,378.14,168.86,402.33,245.87,-1,-1,-1,-1
121,4,1054.29,162.49,1229.42,276.65,-1,-1,-1,-1
121,5,396.98,171.85,520.43,224.74,-1,-1,-1,-1
121,6,688.59,170.86,797.26,205.09,-1,-1,-1,-1
121,7,961.99,157.62,1067.37,198.94,-1,-1,-1,-1
121,14,651.18,172.60,701.34,198.85,-1,-1,-1,-1
121,15,327.74,177.54,420.51,213.54,-1,-1,-1,-1
121,16,564.86,175.67,591.49,193.81,-1,-1,-1,-1
121,17,522.48,176.84,553.73,195.35,-1,-1,-1,-1
122,3,378.80,168.78,400.47,246.71,-1,-1,-1,-1
122,4,1059.32,161.38,1237.31,277.08,-1,-1,-1,-1
122,5,376.79,171.99,504.53,227.17,-1,-1,-1,-1
122,6,675.17,171.25,784.69,205.98,-1,-1,-1,-1
122,7,948.87,157.78,1053.67,199.17,-1,-1,-1,-1
122,14,656.65,172.52,703.57,198.41,-1,-1,-1,-1
122,15,335.58,177.57,428.96,213.43,-1,-1,-1,-1
122,16,564.76,175.78,591.45,193.95,-1,-1,-1,-1
122,17,522.17,176.83,553.54,195.40,-1,-1,-1,-1
123,3,372.62,168.70,396.79,247.57,-1,-1,-1,-1
123,4,1064.46,160.69,1241.00,277.80,-1,-1,-1,-1
123,5,355.09,172.37,488.24,230.20,-1,-1,-1,-1
123,6,661.37,171.64,771.79,206.89,-1,-1,-1,-1
123,7,935.71,157.95,1039.92,199.41,-1,-1,-1,-1
123,14,661.79,172.50,707.14,197.95,-1,-1,-1,-1
123,15,343.72,177.60,436.96,213.31,-1,-1,-1,-1
123,16,564.66,175.89,591.40,194.10,-1,-1,-1,-1
123,17,521.95,176.83,553.40,195.44,-1,-1,-1,-1
124,3,366.02,168.62,392.35,248.45,-1,-1,-1,-1
124,4,1069.74,161.02,1241.00,279.37,-1,-1,-1,-1
124,5,331.27,172.78,470.58,233.53,-1,-1,-1,-1
124,6,647.69,171.90,759.21,207.74,-1,-1,-1,-1
124,7,922.49,158.12,1026.14,199.65,-1,-1,-1,-1
124,14,666.76,172.48,710.59,197.50,-1,-1,-1,-1
124,15,350.64,177.64,442.98,213.12,-1,-1,-1,-1
124,16,564.56,176.00,591.36,194.25,-1,-1,-1,-1
124,17,521.73,176.82,553.27,195.48,-1,-1,-1,-1
125,3,364.65,168.54,393.19,249.36,-1,-1,-1,-1
125,4,1075.15,161.42,1241.00,281.01,-1,-1,-1,-1
125,5,304.99,173.24,451.40,237.20,-1,-1,-1,-1
125,6,633.57,172.18,746.25,208.63,-1,-1,-1,-1
125,7,909.22,158.28,1012.32,199.89,-1,-1,-1,-1
125,14,671.58,172.46,713.93,197.06,-1,-1,-1,-1
125,15,357.78,177.69,448.65,212.92,-1,-1,-1,-1
125,16,564.45,176.11,591.31,194.40,-1,-1,-1,-1
125,17,521.51,176.82,553.13,195.53,-1,-1,-1,-1
126,3,364.54,168.30,394.87,249.68,-1,-1,-1,-1
126,4,1080.66,160.61,1241.00,281.45,-1,-1,-1,-1
126,5,277.44,173.83,432.60,241.40,-1,-1,-1,-1
126,6,619.00,172.45,732.90,209.54,-1,-1,-1,-1
126,7,895.90,158.45,998.46,200.13,-1,-1,-1,-1
126,14,676.45,172.56,716.92,196.82,-1,-1,-1,-1
126,15,365.13,177.73,453.99,212.72,-1,-1,-1,-1
126,16,564.35,176.22,591.27,194.55,-1,-1,-1,-1
126,17,521.29,176.82,552.99,195.57,-1,-1,-1,-1
127,3,361.59,168.74,390.89,250.69,-1,-1,-1,-1
127,4,1086.31,160.94,1241.00,283.06,-1,-1,-1,-1
127,5,246.63,174.49,412.02,246.11,-1,-1,-1,-1
127,6,603.95,172.74,719.16,210.48,-1,-1,-1,-1
127,7,882.52,158.70,984.67,200.45,-1,-1,-1,-1
127,14,681.20,172.66,719.82,196.60,-1,-1,-1,-1
127,15,371.70,177.78,457.84,212.40,-1,-1,-1,-1
127,16,564.25,176.33,591.22,194.70,-1,-1,-1,-1
127,17,521.06,176.82,552.85,195.61,-1,-1,-1,-1
128,3,358.33,168.71,386.33,251.24,-1,-1,-1,-1
128,4,1092.09,159.82,1241.00,283.23,-1,-1,-1,-1
128,5,214.86,175.69,391.60,251.99,-1,-1,-1,-1
128,6,588.39,173.04,704.99,211.46,-1,-1,-1,-1
128,7,869.11,158.96,970.83,200.77,-1,-1,-1,-1
128,14,685.85,172.76,722.63,196.38,-1,-1,-1,-1
128,15,378.42,177.82,461.38,212.07,-1,-1,-1,-1
128,16,564.14,176.44,591.18,194.85,-1,-1,-1,-1
128,17,520.84,176.81,552.71,195.66,-1,-1,-1,-1
129,3,356.54,168.57,385.00,251.67,-1,-1,-1,-1
129,4,1098.03,160.99,1241.00,285.70,-1,-1,-1,-1
129,5,178.68,177.06,368.95,258.67,-1,-1,-1,-1
129,6,574.00,173.54,692.39,212.79,-1,-1,-1,-1
129,7,855.64,159.21,956.95,201.10,-1,-1,-1,-1
129,14,689.55,172.85,724.44,196.06,-1,-1,-1,-1
129,15,385.30,177.87,464.64,211.74,-1,-1,-1,-1
129,16,564.04,176.55,591.13,195.00,-1,-1,-1,-1
129,17,520.61,176.81,552.57,195.70,-1,-1,-1,-1
130,3,354.87,168.82,383.53,252.52,-1,-1,-1,-1
130,4,1104.11,161.02,1241.00,287.05,-1,-1,-1,-1
130,5,138.16,177.83,345.78,265.73,-1,-1,-1,-1
130,6,559.04,174.05,679.33,214.17,-1,-1,-1,-1
130,7,842.13,159.46,943.03,201.43,-1,-1,-1,-1
130,14,693.15,172.93,726.18,195.75,-1,-1,-1,-1
130,15,392.31,177.92,467.64,211.40,-1,-1,-1,-1
130,16,563.94,176.66,591.09,195.16,-1,-1,-1,-1
130,17,520.39,176.81,552.43,195.75,-1,-1,-1,-1
131,3,352.66,168.09,381.95,252.38,-1,-1,-1,-1
131,4,1110.65,160.74,1241.00,288.32,-1,-1,-1,-1
131,5,90.90,178.73,319.71,273.96,-1,-1,-1,-1
131,6,543.46,174.59,665.78,215.62,-1,-1,-1,-1
131,7,828.56,159.72,929.07,201.75,-1,-1,-1,-1
131,14,695.31,173.11,727.09,195.54,-1,-1,-1,-1
131,15,397.08,178.00,466.98,211.04,-1,-1,-1,-1
131,16,563.83,176.77,591.04,195.31,-1,-1,-1,-1
131,17,520.16,176.81,552.29,195.79,-1,-1,-1,-1
132,3,350.48,168.89,380.15,253.79,-1,-1,-1,-1
132,4,1114.82,161.13,1241.00,289.42,-1,-1,-1,-1
132,5,35.32,179.59,292.16,284.65,-1,-1,-1,-1
132,6,527.22,175.14,651.73,217.13,-1,-1,-1,-1
132,7,815.40,160.07,915.73,202.28,-1,-1,-1,-1
132,14,697.39,173.28,727.97,195.34,-1,-1,-1,-1
132,15,402.13,178.01,466.03,210.76,-1,-1,-1,-1
132,16,563.72,176.89,590.99,195.47,-1,-1,-1,-1
132,17,519.93,176.80,552.15,195.83,-1,-1,-1,-1
133,3,349.06,167.66,378.36,253.13,-1,-1,-1,-1
133,4,1119.40,161.58,1241.00,290.80,-1,-1,-1,-1
133,5,0.00,180.58,260.25,297.70,-1,-1,-1,-1
133,6,510.27,175.71,637.15,218.70,-1,-1,-1,-1
133,7,802.12,160.42,902.30,202.81,-1,-1,-1,-1
133,8,1188.10,126.48,1241.00,200.37,-1,-1,-1,-1
133,14,699.42,173.45,728.83,195.15,-1,-1,-1,-1
133,15,407.43,178.03,464.84,210.53,-1,-1,-1,-1
133,16,563.62,177.00,590.95,195.62,-1,-1,-1,-1
133,17,519.68,176.94,551.95,196.00,-1,-1,-1,-1
134,3,347.59,167.46,376.26,253.50,-1,-1,-1,-1
134,4,1124.05,161.48,1241.00,291.66,-1,-1,-1,-1
134,5,0.00,181.74,222.87,313.35,-1,-1,-1,-1
134,6,493.90,176.01,623.51,220.21,-1,-1,-1,-1
134,7,788.72,160.78,888.77,203.35,-1,-1,-1,-1
134,8,1163.23,126.38,1241.00,200.69,-1,-1,-1,-1
134,14,701.38,173.61,729.65,194.96,-1,-1,-1,-1
134,15,409.92,178.11,462.44,210.31,-1,-1,-1,-1
134,16,563.51,177.11,590.90,195.78,-1,-1,-1,-1
134,17,519.44,177.07,551.76,196.16,-1,-1,-1,-1
135,3,347.02,168.52,374.64,255.14,-1,-1,-1,-1
135,4,1128.79,161.46,1241.00,292.60,-1,-1,-1,-1
135,5,0.00,183.12,178.48,316.25,-1,-1,-1,-1
135,6,476.66,176.33,609.23,221.79,-1,-1,-1,-1
135,7,774.42,161.44,874.60,204.30,-1,-1,-1,-1
135,8,1138.47,126.28,1241.00,201.00,-1,-1,-1,-1
135,14,703.28,173.77,730.44,194.77,-1,-1,-1,-1
135,15,412.49,178.18,459.97,210.09,-1,-1,-1,-1
135,16,563.40,177.23,590.86,195.93,-1,-1,-1,-1
135,17,519.19,177.21,551.56,196.32,-1,-1,-1,-1
136,3,346.29,168.70,372.63,255.91,-1,-1,-1,-1
136,4,1133.64,162.39,1241.00,294.52,-1,-1,-1,-1
136,5,0.00,184.78,124.93,318.44,-1,-1,-1,-1
136,6,458.47,176.66,594.26,223.46,-1,-1,-1,-1
136,7,759.93,162.11,860.25,205.26,-1,-1,-1,-1
136,8,1113.82,126.17,1241.00,201.32,-1,-1,-1,-1
136,14,704.91,174.11,730.50,194.74,-1,-1,-1,-1
136,15,415.23,178.67,458.30,210.28,-1,-1,-1,-1
136,16,563.30,177.34,590.81,196.09,-1,-1,-1,-1
136,17,518.94,177.34,551.36,196.49,-1,-1,-1,-1
137,3,342.88,169.25,371.67,257.05,-1,-1,-1,-1
137,4,1138.59,164.55,1241.00,297.70,-1,-1,-1,-1
137,5,0.00,186.81,59.07,319.81,-1,-1,-1,-1
137,6,439.25,177.01,578.55,225.24,-1,-1,-1,-1
137,7,745.26,162.78,845.72,206.23,-1,-1,-1,-1
137,8,1092.09,126.07,1241.00,201.52,-1,-1,-1,-1
137,14,706.49,174.45,730.56,194.72,-1,-1,-1,-1
137,15,416.55,179.18,453.92,210.51,-1,-1,-1,-1
137,16,563.19,177.46,590.76,196.25,-1,-1,-1,-1
137,17,518.69,177.48,551.17,196.65,-1,-1,-1,-1
138,3,339.24,171.22,370.24,259.62,-1,-1,-1,-1
138,4,1143.60,163.82,1241.00,298.00,-1,-1,-1,-1
138,6,418.90,177.37,562.05,227.11,-1,-1,-1,-1
138,7,730.56,162.77,831.60,206.72,-1,-1,-1,-1
138,8,1070.47,125.96,1241.00,201.73,-1,-1,-1,-1
138,14,708.02,174.77,730.60,194.69,-1,-1,-1,-1
138,15,417.96,179.68,452.05,210.71,-1,-1,-1,-1
138,16,563.08,177.57,590.71,196.41,-1,-1,-1,-1
138,17,518.44,177.62,550.97,196.82,-1,-1,-1,-1
139,3,338.26,169.98,369.73,258.95,-1,-1,-1,-1
139,4,1148.70,163.25,1241.00,298.47,-1,-1,-1,-1
139,6,397.32,177.75,544.71,229.10,-1,-1,-1,-1
139,7,715.54,162.77,817.16,207.22,-1,-1,-1,-1
139,8,1048.98,125.85,1241.00,201.93,-1,-1,-1,-1
139,14,709.51,175.07,730.79,194.66,-1,-1,-1,-1
139,15,414.19,179.61,452.66,210.27,-1,-1,-1,-1
139,16,562.97,177.69,590.67,196.56,-1,-1,-1,-1
139,17,518.19,177.76,550.77,196.98,-1,-1,-1,-1
140,3,337.00,170.15,368.67,259.69,-1,-1,-1,-1
140,4,1153.93,164.09,1241.00,300.38,-1,-1,-1,-1
140,6,377.25,178.28,529.63,231.57,-1,-1,-1,-1
140,7,699.92,163.39,802.03,208.32,-1,-1,-1,-1
140,8,1027.59,125.75,1241.00,202.13,-1,-1,-1,-1
140,14,710.94,175.37,731.88,194.64,-1,-1,-1,-1
140,15,410.02,179.54,453.13,209.83,-1,-1,-1,-1
140,16,562.86,177.81,590.62,196.72,-1,-1,-1,-1
140,17,517.94,177.89,550.57,197.15,-1,-1,-1,-1
141,3,333.20,171.23,365.50,261.36,-1,-1,-1,-1
141,4,1159.25,164.20,1241.00,301.58,-1,-1,-1,-1
141,6,355.73,178.83,513.63,234.22,-1,-1,-1,-1
141,7,683.99,164.01,786.58,209.46,-1,-1,-1,-1
141,8,1007.50,125.64,1241.00,202.26,-1,-1,-1,-1
141,14,711.63,175.24,732.27,194.18,-1,-1,-1,-1
141,15,406.04,179.48,453.45,209.39,-1,-1,-1,-1
141,16,562.75,177.92,590.57,196.89,-1,-1,-1,-1
141,17,517.69,178.03,550.37,197.32,-1,-1,-1,-1
142,3,329.51,169.72,362.18,260.43,-1,-1,-1,-1
142,4,1164.67,164.00,1241.00,302.49,-1,-1,-1,-1
142,6,332.58,179.42,496.62,237.08,-1,-1,-1,-1
142,7,667.73,164.65,770.82,210.62,-1,-1,-1,-1
142,8,987.55,125.54,1241.00,202.39,-1,-1,-1,-1
142,14,712.30,175.12,732.65,193.74,-1,-1,-1,-1
142,15,398.96,179.50,448.47,209.19,-1,-1,-1,-1
142,16,562.64,178.04,590.52,197.05,-1,-1,-1,-1
142,17,517.44,178.17,550.17,197.49,-1,-1,-1,-1
143,3,328.26,170.53,360.57,261.84,-1,-1,-1,-1
143,4,1170.20,163.93,1241.00,303.56,-1,-1,-1,-1
143,6,307.60,180.05,478.52,240.17,-1,-1,-1,-1
143,7,652.14,164.72,756.25,211.40,-1,-1,-1,-1
143,8,967.72,125.43,1241.00,202.52,-1,-1,-1,-1
143,14,712.95,175.00,733.02,193.31,-1,-1,-1,-1
143,15,391.99,179.52,443.53,208.99,-1,-1,-1,-1
143,16,562.50,178.04,590.40,197.06,-1,-1,-1,-1
143,17,517.18,178.31,549.97,197.65,-1,-1,-1,-1
144,3,327.10,169.73,358.76,261.64,-1,-1,-1,-1
144,4,1175.84,163.64,1241.00,304.42,-1,-1,-1,-1
144,6,280.56,180.72,459.22,243.51,-1,-1,-1,-1
144,7,636.08,164.79,741.24,212.21,-1,-1,-1,-1
144,8,948.03,125.33,1241.00,202.65,-1,-1,-1,-1
144,14,713.58,174.88,733.37,192.90,-1,-1,-1,-1
144,15,385.14,179.54,438.61,208.79,-1,-1,-1,-1
144,16,562.35,178.04,590.28,197.08,-1,-1,-1,-1
144,17,516.93,178.45,549.77,197.82,-1,-1,-1,-1
145,3,326.33,170.25,356.97,262.77,-1,-1,-1,-1
145,4,1181.60,163.39,1241.00,305.35,-1,-1,-1,-1
145,6,251.18,181.43,438.60,247.14,-1,-1,-1,-1
145,7,619.52,164.82,725.79,213.05,-1,-1,-1,-1
145,8,928.46,125.22,1241.00,202.78,-1,-1,-1,-1
145,14,714.19,174.77,733.72,192.50,-1,-1,-1,-1
145,15,378.39,179.56,433.72,208.59,-1,-1,-1,-1
145,16,562.21,178.04,590.16,197.10,-1,-1,-1,-1
145,17,516.67,178.58,549.57,197.99,-1,-1,-1,-1
146,3,325.59,170.09,354.93,263.23,-1,-1,-1,-1
146,4,1187.47,162.53,1241.00,305.70,-1,-1,-1,-1
146,6,219.64,182.11,417.72,251.23,-1,-1,-1,-1
146,7,602.43,164.80,709.88,213.91,-1,-1,-1,-1
146,8,909.02,125.12,1241.00,202.90,-1,-1,-1,-1
146,14,714.78,174.66,734.05,192.11,-1,-1,-1,-1
146,15,371.76,179.59,428.85,208.39,-1,-1,-1,-1
146,16,562.06,178.04,590.04,197.11,-1,-1,-1,-1
146,17,516.42,178.71,549.37,198.16,-1,-1,-1,-1
147,3,323.48,170.97,352.77,264.74,-1,-1,-1,-1
147,6,184.87,182.84,395.19,255.76,-1,-1,-1,-1
147,7,584.77,164.78,693.49,214.80,-1,-1,-1,-1
147,8,889.70,125.51,1220.26,203.03,-1,-1,-1,-1
147,14,715.10,174.54,734.21,191.70,-1,-1,-1,-1
147,15,360.46,179.72,421.37,208.31,-1,-1,-1,-1
147,16,561.92,178.04,589.92,197.13,-1,-1,-1,-1
147,17,516.16,178.85,549.16,198.33,-1,-1,-1,-1
148,3,322.12,168.91,351.12,263.02,-1,-1,-1,-1
148,6,148.39,184.02,372.90,261.45,-1,-1,-1,-1
148,7,567.19,165.14,677.81,216.38,-1,-1,-1,-1
148,8,870.51,125.93,1196.47,203.15,-1,-1,-1,-1
148,14,715.41,174.42,734.37,191.31,-1,-1,-1,-1
148,15,349.43,179.85,413.75,208.22,-1,-1,-1,-1
148,16,561.77,178.04,589.80,197.14,-1,-1,-1,-1
148,17,515.89,178.85,548.93,198.35,-1,-1,-1,-1
149,3,319.86,170.45,350.56,264.92,-1,-1,-1,-1
149,6,107.54,185.29,348.60,267.84,-1,-1,-1,-1
149,7,548.83,165.53,661.48,218.02,-1,-1,-1,-1
149,8,851.44,126.36,1172.87,203.27,-1,-1,-1,-1
149,14,715.72,174.31,734.52,190.93,-1,-1,-1,-1
149,15,338.67,179.98,405.99,208.12,-1,-1,-1,-1
149,16,561.63,178.04,589.68,197.16,-1,-1,-1,-1
149,17,515.62,178.85,548.69,198.36,-1,-1,-1,-1
150,3,317.58,169.48,349.92,264.30,-1,-1,-1,-1
150,6,61.46,186.68,322.02,275.04,-1,-1,-1,-1
150,7,529.61,165.93,644.47,219.75,-1,-1,-1,-1
150,8,834.72,126.77,1152.32,203.46,-1,-1,-1,-1
150,14,716.01,174.21,734.67,190.56,-1,-1,-1,-1
150,15,328.21,180.11,398.08,208.01,-1,-1,-1,-1
150,16,561.48,178.04,589.56,197.18,-1,-1,-1,-1
150,17,515.34,178.85,548.45,198.38,-1,-1,-1,-1
151,3,316.59,170.78,347.95,265.95,-1,-1,-1,-1
151,6,11.66,187.32,295.30,282.34,-1,-1,-1,-1
151,7,509.48,166.35,626.74,221.56,-1,-1,-1,-1
151,8,818.03,127.19,1131.91,203.65,-1,-1,-1,-1
151,14,716.30,174.10,734.82,190.20,-1,-1,-1,-1
151,15,318.05,180.24,390.01,207.90,-1,-1,-1,-1
151,16,561.34,178.03,589.43,197.19,-1,-1,-1,-1
151,17,515.07,178.85,548.21,198.40,-1,-1,-1,-1
152,3,315.68,170.12,346.01,265.65,-1,-1,-1,-1
152,6,0.00,188.03,265.66,290.78,-1,-1,-1,-1
152,7,488.36,166.80,608.24,223.46,-1,-1,-1,-1
152,8,801.37,127.60,1111.64,203.84,-1,-1,-1,-1
152,14,717.16,174.29,735.46,190.14,-1,-1,-1,-1
152,15,307.10,180.39,378.74,207.87,-1,-1,-1,-1
152,16,561.19,178.03,589.31,197.21,-1,-1,-1,-1
152,17,514.80,178.85,547.97,198.41,-1,-1,-1,-1
153,3,313.61,169.69,346.47,265.58,-1,-1,-1,-1
153,6,0.00,188.81,232.58,296.36,-1,-1,-1,-1
153,7,466.82,166.13,590.32,224.67,-1,-1,-1,-1
153,8,784.75,128.01,1091.51,204.02,-1,-1,-1,-1
153,14,718.00,174.46,736.08,190.08,-1,-1,-1,-1
153,15,296.28,180.54,367.60,207.84,-1,-1,-1,-1
153,16,561.05,178.03,589.19,197.23,-1,-1,-1,-1
153,17,514.53,178.85,547.74,198.43,-1,-1,-1,-1
153,18,578.39,176.75,601.34,194.57,-1,-1,-1,-1
154,3,311.73,168.65,347.07,264.90,-1,-1,-1,-1
154,6,0.00,189.70,195.45,297.21,-1,-1,-1,-1
154,7,443.88,165.41,571.38,225.95,-1,-1,-1,-1
154,8,769.28,128.38,1073.26,204.28,-1,-1,-1,-1
154,14,718.82,174.64,736.68,190.03,-1,-1,-1,-1
154,15,285.60,180.69,356.62,207.81,-1,-1,-1,-1
154,16,560.90,178.03,589.07,197.24,-1,-1,-1,-1
154,17,514.25,178.85,547.50,198.45,-1,-1,-1,-1
154,18,578.33,176.75,601.29,194.57,-1,-1,-1,-1
155,3,311.77,170.22,344.13,266.84,-1,-1,-1,-1
155,6,0.00,191.44,154.15,298.90,-1,-1,-1,-1
155,7,421.37,165.64,553.06,228.54,-1,-1,-1,-1
155,8,753.80,128.75,1055.09,204.53,-1,-1,-1,-1
155,14,719.62,174.81,737.27,189.97,-1,-1,-1,-1
155,15,275.05,180.84,345.77,207.79,-1,-1,-1,-1
155,16,560.75,178.03,588.94,197.26,-1,-1,-1,-1
155,17,513.98,178.85,547.26,198.47,-1,-1,-1,-1
155,18,578.27,176.75,601.24,194.58,-1,-1,-1,-1
155,19,536.53,179.57,564.29,196.17,-1,-1,-1,-1
156,3,311.60,169.67,340.93,266.66,-1,-1,-1,-1
156,6,0.00,193.44,106.58,300.25,-1,-1,-1,-1
156,7,397.16,165.89,533.51,231.32,-1,-1,-1,-1
156,8,738.31,129.12,1037.00,204.78,-1,-1,-1,-1
156,14,720.39,174.97,737.84,189.92,-1,-1,-1,-1
156,15,264.62,180.98,335.05,207.76,-1,-1,-1,-1
156,16,560.60,178.03,588.82,197.28,-1,-1,-1,-1
156,17,513.70,178.85,547.02,198.48,-1,-1,-1,-1
156,18,578.21,176.74,601.20,194.59,-1,-1,-1,-1
156,19,536.36,179.57,564.14,196.18,-1,-1,-1,-1
157,3,310.32,171.41,341.01,268.78,-1,-1,-1,-1
157,6,0.00,195.76,51.22,301.21,-1,-1,-1,-1
157,7,371.06,166.17,512.62,234.33,-1,-1,-1,-1
157,8,723.11,129.67,1019.41,205.19,-1,-1,-1,-1
157,15,254.32,181.12,324.47,207.73,-1,-1,-1,-1
157,16,560.46,178.03,588.70,197.29,-1,-1,-1,-1
157,17,513.43,178.85,546.78,198.50,-1,-1,-1,-1
157,18,578.16,176.74,601.15,194.60,-1,-1,-1,-1
157,19,536.18,179.57,563.98,196.19,-1,-1,-1,-1
158,3,308.94,171.83,340.94,269.58,-1,-1,-1,-1
158,7,342.81,166.47,490.24,237.58,-1,-1,-1,-1
158,8,707.87,130.21,1001.90,205.61,-1,-1,-1,-1
158,15,244.34,182.46,314.42,208.98,-1,-1,-1,-1
158,16,560.31,178.03,588.58,197.31,-1,-1,-1,-1
158,17,513.27,178.85,546.64,198.51,-1,-1,-1,-1
158,18,578.10,176.74,601.10,194.61,-1,-1,-1,-1
158,19,536.00,179.58,563.82,196.20,-1,-1,-1,-1
159,3,308.24,172.14,339.61,270.26,-1,-1,-1,-1
159,7,314.82,166.58,469.37,241.28,-1,-1,-1,-1
159,8,692.61,130.75,984.48,206.02,-1,-1,-1,-1
159,15,234.46,183.79,304.47,210.22,-1,-1,-1,-1
159,16,560.16,178.03,588.45,197.33,-1,-1,-1,-1
159,17,513.12,178.85,546.50,198.52,-1,-1,-1,-1
159,18,578.04,176.73,601.05,194.62,-1,-1,-1,-1
159,19,535.82,179.58,563.66,196.21,-1,-1,-1,-1
160,3,307.56,171.10,338.23,269.60,-1,-1,-1,-1
160,7,283.98,166.72,446.70,245.35,-1,-1,-1,-1
160,8,677.30,131.29,967.15,206.44,-1,-1,-1,-1
160,15,224.67,185.11,294.62,211.45,-1,-1,-1,-1
160,16,560.01,178.03,588.33,197.34,-1,-1,-1,-1
160,17,512.96,178.85,546.36,198.53,-1,-1,-1,-1
160,18,577.98,176.73,601.01,194.63,-1,-1,-1,-1
160,19,535.64,179.58,563.50,196.22,-1,-1,-1,-1
161,3,305.96,170.60,337.99,269.48,-1,-1,-1,-1
161,7,249.83,166.87,422.02,249.86,-1,-1,-1,-1
161,8,661.95,131.83,949.90,206.86,-1,-1,-1,-1
161,15,214.96,186.41,284.86,212.66,-1,-1,-1,-1
161,16,559.86,178.03,588.20,197.36,-1,-1,-1,-1
161,17,512.81,178.85,546.23,198.54,-1,-1,-1,-1
161,18,577.92,176.73,600.96,194.64,-1,-1,-1,-1
161,19,535.47,179.58,563.34,196.23,-1,-1,-1,-1
162,3,304.49,170.72,337.82,269.98,-1,-1,-1,-1
162,7,211.77,167.04,395.06,254.87,-1,-1,-1,-1
162,8,648.32,132.23,935.57,207.33,-1,-1,-1,-1
162,15,205.34,187.70,275.20,213.86,-1,-1,-1,-1
162,16,559.72,178.03,588.08,197.38,-1,-1,-1,-1
162,17,512.65,178.85,546.09,198.55,-1,-1,-1,-1
162,18,577.93,176.73,600.97,194.64,-1,-1,-1,-1
162,19,535.29,179.58,563.18,196.25,-1,-1,-1,-1
163,3,302.81,171.16,337.51,270.82,-1,-1,-1,-1
163,7,173.00,166.97,369.58,260.52,-1,-1,-1,-1
163,8,634.57,132.63,921.22,207.80,-1,-1,-1,-1
163,16,559.57,178.03,587.96,197.39,-1,-1,-1,-1
163,17,512.49,178.85,545.95,198.55,-1,-1,-1,-1
163,18,577.93,176.73,600.97,194.64,-1,-1,-1,-1
163,19,535.11,179.59,563.02,196.26,-1,-1,-1,-1
164,3,300.88,171.73,336.88,271.78,-1,-1,-1,-1
164,7,128.91,167.30,341.37,267.34,-1,-1,-1,-1
164,8,620.72,133.03,906.83,208.28,-1,-1,-1,-1
164,16,559.42,178.02,587.83,197.41,-1,-1,-1,-1
164,17,512.34,178.85,545.81,198.56,-1,-1,-1,-1
164,18,577.94,176.73,600.98,194.64,-1,-1,-1,-1
164,19,534.93,179.59,562.86,196.27,-1,-1,-1,-1
165,3,299.68,171.79,338.18,271.84,-1,-1,-1,-1
165,7,80.43,167.80,312.97,276.06,-1,-1,-1,-1
165,8,606.76,133.43,892.42,208.77,-1,-1,-1,-1
165,16,559.27,178.02,587.71,197.43,-1,-1,-1,-1
165,17,512.18,178.85,545.67,198.57,-1,-1,-1,-1
165,18,577.95,176.73,600.98,194.64,-1,-1,-1,-1
165,19,534.75,179.59,562.70,196.28,-1,-1,-1,-1
166,3,298.25,171.85,339.25,271.91,-1,-1,-1,-1
166,7,23.30,168.39,280.79,286.30,-1,-1,-1,-1
166,8,592.70,133.83,877.98,209.25,-1,-1,-1,-1
166,16,559.12,178.02,587.58,197.45,-1,-1,-1,-1
166,17,512.03,178.85,545.53,198.58,-1,-1,-1,-1
166,18,577.95,176.73,600.99,194.64,-1,-1,-1,-1
166,19,534.57,179.59,562.54,196.29,-1,-1,-1,-1
167,3,299.72,171.91,339.05,271.97,-1,-1,-1,-1
167,7,0.00,169.10,244.04,298.50,-1,-1,-1,-1
167,8,578.53,134.23,863.52,209.75,-1,-1,-1,-1
167,16,558.97,178.02,587.46,197.46,-1,-1,-1,-1
167,17,511.87,178.85,545.39,198.59,-1,-1,-1,-1
167,18,577.96,176.72,600.99,194.64,-1,-1,-1,-1
167,19,534.39,179.59,562.38,196.30,-1,-1,-1,-1
168,3,300.95,171.97,338.62,272.03,-1,-1,-1,-1
168,7,0.00,168.62,206.59,310.39,-1,-1,-1,-1
168,8,565.45,134.48,851.05,210.30,-1,-1,-1,-1
168,16,558.96,178.02,587.45,197.46,-1,-1,-1,-1
168,17,511.86,178.85,545.39,198.59,-1,-1,-1,-1
168,18,577.97,176.72,601.00,194.64,-1,-1,-1,-1
168,19,534.37,179.60,562.36,196.30,-1,-1,-1,-1
169,3,300.09,172.03,335.42,272.10,-1,-1,-1,-1
169,7,0.00,169.00,162.40,312.48,-1,-1,-1,-1
169,8,552.22,134.74,838.46,210.86,-1,-1,-1,-1
169,16,558.95,178.02,587.44,197.46,-1,-1,-1,-1
169,17,511.86,178.85,545.38,198.59,-1,-1,-1,-1
169,18,577.97,176.72,601.01,194.64,-1,-1,-1,-1
169,19,534.35,179.60,562.35,196.30,-1,-1,-1,-1
170,3,299.48,172.09,332.48,272.16,-1,-1,-1,-1
170,7,0.00,169.49,109.49,313.80,-1,-1,-1,-1
170,8,538.82,134.83,825.76,211.43,-1,-1,-1,-1
170,16,558.95,178.02,587.44,197.47,-1,-1,-1,-1
170,17,511.85,178.85,545.38,198.59,-1,-1,-1,-1
170,18,577.98,176.72,601.01,194.64,-1,-1,-1,-1
170,19,534.34,179.60,562.33,196.30,-1,-1,-1,-1
171,3,300.22,172.15,335.38,272.23,-1,-1,-1,-1
171,7,0.00,170.11,45.00,314.26,-1,-1,-1,-1
171,8,525.25,134.53,812.95,212.01,-1,-1,-1,-1
171,16,558.94,178.02,587.43,197.47,-1,-1,-1,-1
171,17,511.85,178.85,545.37,198.59,-1,-1,-1,-1
171,18,577.99,176.72,601.02,194.64,-1,-1,-1,-1
171,19,534.32,179.60,562.31,196.31,-1,-1,-1,-1
172,3,301.18,172.21,338.52,272.29,-1,-1,-1,-1
172,8,511.51,134.22,800.03,212.60,-1,-1,-1,-1
172,16,558.93,178.02,587.43,197.47,-1,-1,-1,-1
172,17,511.84,178.85,545.37,198.59,-1,-1,-1,-1
172,18,577.99,176.72,601.02,194.64,-1,-1,-1,-1
172,19,534.30,179.60,562.30,196.31,-1,-1,-1,-1
173,3,301.24,172.26,338.73,272.35,-1,-1,-1,-1
173,8,498.78,133.92,788.92,213.47,-1,-1,-1,-1
173,16,558.93,178.02,587.42,197.47,-1,-1,-1,-1
173,17,511.83,178.85,545.36,198.59,-1,-1,-1,-1
173,18,578.00,176.72,601.03,194.64,-1,-1,-1,-1
173,19,534.29,179.60,562.28,196.31,-1,-1,-1,-1
174,3,300.47,172.27,338.14,272.36,-1,-1,-1,-1
174,8,485.84,133.62,777.64,214.35,-1,-1,-1,-1
174,16,558.92,178.02,587.41,197.47,-1,-1,-1,-1
174,17,511.83,178.85,545.36,198.59,-1,-1,-1,-1
174,18,578.01,176.72,601.03,194.63,-1,-1,-1,-1
174,19,534.27,179.60,562.26,196.31,-1,-1,-1,-1
175,3,301.78,172.27,337.12,272.37,-1,-1,-1,-1
175,8,472.65,133.32,766.19,215.26,-1,-1,-1,-1
175,16,558.91,178.02,587.41,197.47,-1,-1,-1,-1
175,17,511.82,178.85,545.35,198.59,-1,-1,-1,-1
175,18,578.01,176.72,601.04,194.63,-1,-1,-1,-1
175,19,534.25,179.60,562.25,196.31,-1,-1,-1,-1
176,3,302.84,172.27,335.84,272.37,-1,-1,-1,-1
176,8,459.23,133.00,754.57,216.18,-1,-1,-1,-1
176,16,558.91,178.02,587.40,197.47,-1,-1,-1,-1
176,17,511.82,178.85,545.35,198.60,-1,-1,-1,-1
176,18,578.02,176.72,601.05,194.63,-1,-1,-1,-1
176,19,534.24,179.60,562.23,196.31,-1,-1,-1,-1
177,3,302.22,172.26,335.23,272.38,-1,-1,-1,-1
177,8,445.56,132.69,742.77,217.13,-1,-1,-1,-1
177,16,558.90,178.02,587.39,197.47,-1,-1,-1,-1
177,17,511.81,178.85,545.34,198.60,-1,-1,-1,-1
177,18,578.03,176.72,601.05,194.63,-1,-1,-1,-1
177,19,534.22,179.60,562.21,196.31,-1,-1,-1,-1
178,3,301.37,172.26,334.37,272.38,-1,-1,-1,-1
178,8,431.62,132.37,730.80,218.11,-1,-1,-1,-1
178,16,558.89,178.02,587.39,197.47,-1,-1,-1,-1
178,17,511.81,178.85,545.34,198.60,-1,-1,-1,-1
178,18,578.03,176.72,601.06,194.63,-1,-1,-1,-1
178,19,534.20,179.60,562.20,196.31,-1,-1,-1,-1
179,3,300.58,172.26,334.92,272.39,-1,-1,-1,-1
179,8,417.42,132.04,718.66,219.10,-1,-1,-1,-1
179,16,558.89,178.02,587.38,197.47,-1,-1,-1,-1
179,17,511.80,178.85,545.33,198.60,-1,-1,-1,-1
179,18,578.04,176.72,601.06,194.63,-1,-1,-1,-1
179,19,534.18,179.60,562.18,196.31,-1,-1,-1,-1
180,3,299.58,172.26,335.24,272.40,-1,-1,-1,-1
180,8,402.59,131.53,707.07,220.37,-1,-1,-1,-1
180,16,558.88,178.02,587.38,197.47,-1,-1,-1,-1
180,17,511.79,178.85,545.33,198.60,-1,-1,-1,-1
180,18,578.05,176.72,601.07,194.63,-1,-1,-1,-1
180,19,534.17,179.60,562.16,196.31,-1,-1,-1,-1
181,3,301.10,172.26,335.78,272.40,-1,-1,-1,-1
181,8,387.33,131.01,695.23,221.69,-1,-1,-1,-1
181,16,558.87,178.02,587.37,197.48,-1,-1,-1,-1
181,17,511.79,178.85,545.32,198.60,-1,-1,-1,-1
181,18,578.05,176.71,601.07,194.63,-1,-1,-1,-1
181,19,534.15,179.60,562.15,196.31,-1,-1,-1,-1
182,3,302.45,172.26,336.11,272.41,-1,-1,-1,-1
182,8,371.63,130.47,683.11,223.04,-1,-1,-1,-1
182,16,558.87,178.02,587.36,197.48,-1,-1,-1,-1
182,17,511.78,178.85,545.32,198.60,-1,-1,-1,-1
182,18,578.06,176.71,601.08,194.63,-1,-1,-1,-1
182,19,534.13,179.60,562.13,196.31,-1,-1,-1,-1
183,3,303.13,172.26,335.97,272.41,-1,-1,-1,-1
183,8,355.46,129.92,670.71,224.45,-1,-1,-1,-1
183,16,558.86,178.02,587.36,197.48,-1,-1,-1,-1
183,17,511.78,178.85,545.31,198.60,-1,-1,-1,-1
183,18,578.07,176.71,601.09,194.63,-1,-1,-1,-1
183,19,534.12,179.60,562.11,196.31,-1,-1,-1,-1
184,3,303.65,172.25,335.65,272.42,-1,-1,-1,-1
184,8,338.78,129.35,658.04,225.91,-1,-1,-1,-1
184,16,558.85,178.02,587.35,197.48,-1,-1,-1,-1
184,17,511.77,178.85,545.31,198.60,-1,-1,-1,-1
184,18,578.08,176.71,601.09,194.63,-1,-1,-1,-1
184,19,534.10,179.60,562.10,196.31,-1,-1,-1,-1
185,3,300.99,172.25,335.99,272.43,-1,-1,-1,-1
185,8,322.29,128.11,646.59,227.33,-1,-1,-1,-1
185,16,558.85,178.02,587.34,197.48,-1,-1,-1,-1
185,17,511.77,178.85,545.30,198.60,-1,-1,-1,-1
185,18,578.08,176.71,601.10,194.63,-1,-1,-1,-1
185,19,534.08,179.60,562.08,196.31,-1,-1,-1,-1
186,3,298.18,172.25,336.18,272.43,-1,-1,-1,-1
186,8,305.14,126.82,634.75,228.83,-1,-1,-1,-1
186,9,1191.37,163.95,1241.00,199.60,-1,-1,-1,-1
186,16,558.84,178.02,587.34,197.48,-1,-1,-1,-1
186,17,511.76,178.85,545.29,198.60,-1,-1,-1,-1
186,18,578.09,176.71,601.10,194.63,-1,-1,-1,-1
186,19,534.06,179.60,562.06,196.31,-1,-1,-1,-1
187,3,299.34,172.25,337.02,272.44,-1,-1,-1,-1
187,8,287.28,125.47,622.52,230.39,-1,-1,-1,-1
187,9,1175.62,164.02,1241.00,199.71,-1,-1,-1,-1
187,16,558.83,178.02,587.33,197.48,-1,-1,-1,-1
187,17,511.75,178.85,545.29,198.60,-1,-1,-1,-1
187,18,578.10,176.71,601.11,194.63,-1,-1,-1,-1
187,19,534.05,179.60,562.05,196.31,-1,-1,-1,-1
188,3,300.38,172.25,337.72,272.44,-1,-1,-1,-1
188,8,268.65,124.05,609.88,232.02,-1,-1,-1,-1
188,9,1160.01,164.09,1241.00,199.83,-1,-1,-1,-1
188,16,558.83,178.02,587.33,197.48,-1,-1,-1,-1
188,17,511.75,178.85,545.28,198.60,-1,-1,-1,-1
188,18,578.10,176.71,601.11,194.63,-1,-1,-1,-1
188,19,534.03,179.60,562.03,196.31,-1,-1,-1,-1
189,3,300.37,172.25,337.04,272.45,-1,-1,-1,-1
189,8,249.19,122.57,596.83,233.73,-1,-1,-1,-1
189,9,1144.55,164.16,1241.00,199.94,-1,-1,-1,-1
189,16,558.82,178.02,587.32,197.48,-1,-1,-1,-1
189,17,511.74,178.85,545.28,198.60,-1,-1,-1,-1
189,18,578.11,176.71,601.12,194.63,-1,-1,-1,-1
189,19,534.01,179.60,562.01,196.31,-1,-1,-1,-1
190,3,300.25,172.25,336.25,272.46,-1,-1,-1,-1
190,8,228.77,121.01,584.33,236.04,-1,-1,-1,-1
190,9,1129.24,164.22,1241.00,200.04,-1,-1,-1,-1
190,16,558.81,178.02,587.31,197.48,-1,-1,-1,-1
190,17,511.74,178.85,545.27,198.61,-1,-1,-1,-1
190,18,578.12,176.71,601.13,194.63,-1,-1,-1,-1
190,19,534.00,179.60,562.00,196.31,-1,-1,-1,-1
191,3,300.19,172.17,337.25,272.51,-1,-1,-1,-1
191,8,207.20,119.36,571.32,238.49,-1,-1,-1,-1
191,9,1114.07,164.29,1241.00,200.15,-1,-1,-1,-1
191,16,558.81,178.02,587.31,197.49,-1,-1,-1,-1
191,17,511.73,178.85,545.27,198.61,-1,-1,-1,-1
191,18,578.12,176.71,601.13,194.63,-1,-1,-1,-1
191,19,533.98,179.60,561.98,196.31,-1,-1,-1,-1
192,3,300.17,172.00,338.17,272.48,-1,-1,-1,-1
192,8,184.37,117.62,557.78,241.10,-1,-1,-1,-1
192,9,1103.30,164.36,1241.00,200.27,-1,-1,-1,-1
192,16,558.80,178.02,587.30,197.49,-1,-1,-1,-1
192,17,511.73,178.85,545.26,198.61,-1,-1,-1,-1
192,18,578.09,176.71,601.10,194.63,-1,-1,-1,-1
192,19,533.96,179.60,561.96,196.31,-1,-1,-1,-1
193,3,297.69,172.31,336.42,272.94,-1,-1,-1,-1
193,8,160.15,115.76,543.67,243.87,-1,-1,-1,-1
193,9,1092.59,164.49,1236.93,200.38,-1,-1,-1,-1
193,16,558.82,178.02,587.32,197.48,-1,-1,-1,-1
193,17,511.72,178.85,545.26,198.61,-1,-1,-1,-1
193,18,578.07,176.71,601.08,194.63,-1,-1,-1,-1
193,19,533.94,179.60,561.95,196.32,-1,-1,-1,-1
194,3,294.91,171.21,334.24,271.96,-1,-1,-1,-1
194,8,134.38,113.80,528.98,246.83,-1,-1,-1,-1
194,9,1081.94,164.71,1224.85,200.49,-1,-1,-1,-1
194,16,558.84,178.02,587.33,197.48,-1,-1,-1,-1
194,17,511.71,178.85,545.25,198.61,-1,-1,-1,-1
194,18,578.04,176.71,601.05,194.64,-1,-1,-1,-1
194,19,533.93,179.60,561.93,196.32,-1,-1,-1,-1
195,3,296.09,172.16,335.15,273.06,-1,-1,-1,-1
195,8,106.66,111.11,514.77,250.30,-1,-1,-1,-1
195,9,1071.35,164.94,1212.85,200.61,-1,-1,-1,-1
195,16,558.85,178.02,587.34,197.48,-1,-1,-1,-1
195,17,511.71,178.85,545.25,198.61,-1,-1,-1,-1
195,18,578.01,176.71,601.03,194.64,-1,-1,-1,-1
195,19,533.91,179.60,561.91,196.32,-1,-1,-1,-1
196,3,297.15,171.66,335.82,272.70,-1,-1,-1,-1
196,8,76.69,108.20,499.82,254.07,-1,-1,-1,-1
196,9,1060.81,165.16,1200.92,200.72,-1,-1,-1,-1
196,16,558.87,178.02,587.36,197.48,-1,-1,-1,-1
196,17,511.70,178.85,545.24,198.61,-1,-1,-1,-1
196,18,577.98,176.71,601.00,194.64,-1,-1,-1,-1
196,19,533.89,179.60,561.90,196.32,-1,-1,-1,-1
197,3,300.74,171.67,336.30,272.85,-1,-1,-1,-1
197,8,44.13,105.05,484.07,258.17,-1,-1,-1,-1
197,9,1050.34,165.38,1189.06,200.83,-1,-1,-1,-1
197,16,558.89,178.02,587.37,197.48,-1,-1,-1,-1
197,17,511.70,178.85,545.24,198.61,-1,-1,-1,-1
197,18,577.96,176.71,600.97,194.64,-1,-1,-1,-1
197,19,533.88,179.60,561.88,196.32,-1,-1,-1,-1
198,3,304.39,171.94,336.72,273.26,-1,-1,-1,-1
198,8,10.37,102.37,469.78,263.51,-1,-1,-1,-1
198,9,1043.10,165.52,1180.83,200.89,-1,-1,-1,-1
198,16,558.91,178.02,587.39,197.48,-1,-1,-1,-1
198,17,511.69,178.85,545.23,198.61,-1,-1,-1,-1
198,18,577.93,176.71,600.95,194.64,-1,-1,-1,-1
198,19,533.86,179.60,561.86,196.32,-1,-1,-1,-1
199,3,301.56,172.01,333.78,273.47,-1,-1,-1,-1
199,8,0.00,99.44,454.68,269.39,-1,-1,-1,-1
199,9,1035.89,165.66,1172.65,200.94,-1,-1,-1,-1
199,16,558.92,178.02,587.40,197.48,-1,-1,-1,-1
199,17,511.69,178.85,545.23,198.61,-1,-1,-1,-1
199,18,577.90,176.71,600.92,194.64,-1,-1,-1,-1
199,19,533.84,179.60,561.84,196.32,-1,-1,-1,-1
200,3,298.45,172.26,330.45,273.86,-1,-1,-1,-1
200,8,0.00,96.21,438.72,275.90,-1,-1,-1,-1
200,9,1028.71,165.80,1164.50,201.00,-1,-1,-1,-1
200,16,558.94,178.02,587.41,197.47,-1,-1,-1,-1
200,17,511.68,178.85,545.22,198.61,-1,-1,-1,-1
200,18,577.87,176.71,600.89,194.64,-1,-1,-1,-1
200,19,533.82,179.60,561.83,196.32,-1,-1,-1,-1
201,3,296.28,172.07,328.70,273.82,-1,-1,-1,-1
201,8,0.00,92.37,423.52,281.05,-1,-1,-1,-1
201,9,1021.56,165.94,1156.39,201.06,-1,-1,-1,-1
201,16,558.96,178.02,587.43,197.47,-1,-1,-1,-1
201,17,511.67,178.85,545.22,198.61,-1,-1,-1,-1
201,18,577.85,176.71,600.87,194.64,-1,-1,-1,-1
201,19,533.80,179.60,561.81,196.32,-1,-1,-1,-1
202,3,294.01,171.54,326.76,273.43,-1,-1,-1,-1
202,8,0.00,90.86,407.30,283.42,-1,-1,-1,-1
202,9,1014.44,166.08,1148.32,201.11,-1,-1,-1,-1
202,16,558.98,178.01,587.44,197.47,-1,-1,-1,-1
202,17,511.67,178.85,545.21,198.61,-1,-1,-1,-1
202,18,577.82,176.71,600.84,194.64,-1,-1,-1,-1
202,19,533.78,179.60,561.79,196.32,-1,-1,-1,-1
203,3,293.92,171.59,326.98,273.48,-1,-1,-1,-1
203,8,0.00,89.58,389.98,285.58,-1,-1,-1,-1
203,9,1010.67,166.06,1144.11,201.07,-1,-1,-1,-1
203,16,558.99,178.01,587.45,197.47,-1,-1,-1,-1
203,17,511.73,178.85,545.26,198.61,-1,-1,-1,-1
203,18,577.76,176.71,600.78,194.64,-1,-1,-1,-1
203,19,533.72,179.60,561.73,196.32,-1,-1,-1,-1
204,3,293.85,171.63,327.19,273.53,-1,-1,-1,-1
204,8,0.00,88.57,371.44,287.49,-1,-1,-1,-1
204,9,1006.90,166.04,1139.90,201.03,-1,-1,-1,-1
204,16,559.01,178.01,587.47,197.47,-1,-1,-1,-1
204,17,511.79,178.85,545.32,198.61,-1,-1,-1,-1
204,18,577.69,176.71,600.71,194.64,-1,-1,-1,-1
204,19,533.65,179.60,561.67,196.32,-1,-1,-1,-1
205,3,293.07,171.67,326.59,273.58,-1,-1,-1,-1
205,8,0.00,88.18,354.86,289.85,-1,-1,-1,-1
205,9,1003.13,166.03,1135.70,200.99,-1,-1,-1,-1
205,16,559.03,178.01,587.48,197.47,-1,-1,-1,-1
205,17,511.85,178.85,545.37,198.61,-1,-1,-1,-1
205,18,577.63,176.71,600.65,194.64,-1,-1,-1,-1
205,19,533.59,179.60,561.61,196.32,-1,-1,-1,-1
206,3,292.37,171.72,326.04,273.63,-1,-1,-1,-1
206,8,0.00,88.04,336.98,292.00,-1,-1,-1,-1
206,9,999.37,166.01,1131.52,200.95,-1,-1,-1,-1
206,16,559.05,178.01,587.50,197.46,-1,-1,-1,-1
206,17,511.91,178.85,545.42,198.60,-1,-1,-1,-1
206,18,577.56,176.71,600.59,194.64,-1,-1,-1,-1
206,19,533.53,179.60,561.54,196.32,-1,-1,-1,-1
207,3,292.72,171.76,324.57,273.68,-1,-1,-1,-1
207,8,0.00,88.17,317.65,293.91,-1,-1,-1,-1
207,9,995.62,165.99,1127.33,200.91,-1,-1,-1,-1
207,16,559.06,178.01,587.51,197.46,-1,-1,-1,-1
207,17,511.96,178.84,545.48,198.60,-1,-1,-1,-1
207,18,577.50,176.71,600.53,194.64,-1,-1,-1,-1
207,19,533.46,179.60,561.48,196.32,-1,-1,-1,-1
208,3,293.22,171.80,323.22,273.73,-1,-1,-1,-1
208,8,0.00,88.59,296.70,295.53,-1,-1,-1,-1
208,9,991.87,165.97,1123.16,200.87,-1,-1,-1,-1
208,16,559.08,178.01,587.52,197.46,-1,-1,-1,-1
208,17,512.02,178.84,545.53,198.60,-1,-1,-1,-1
208,18,577.44,176.71,600.47,194.64,-1,-1,-1,-1
208,19,533.40,179.60,561.42,196.33,-1,-1,-1,-1
209,3,291.20,171.85,324.05,273.78,-1,-1,-1,-1
209,8,0.00,88.52,276.51,296.84,-1,-1,-1,-1
209,9,990.16,166.14,1121.22,201.02,-1,-1,-1,-1
209,16,559.10,178.01,587.54,197.46,-1,-1,-1,-1
209,17,512.08,178.84,545.58,198.60,-1,-1,-1,-1
209,18,577.37,176.71,600.40,194.65,-1,-1,-1,-1
209,19,533.33,179.60,561.36,196.33,-1,-1,-1,-1
210,3,289.40,171.89,325.07,273.83,-1,-1,-1,-1
210,8,0.00,88.68,254.44,297.91,-1,-1,-1,-1
210,9,988.46,166.32,1119.29,201.16,-1,-1,-1,-1
210,16,559.12,178.01,587.55,197.46,-1,-1,-1,-1
210,17,512.14,178.84,545.63,198.59,-1,-1,-1,-1
210,18,577.31,176.72,600.34,194.65,-1,-1,-1,-1
210,19,533.27,179.61,561.30,196.33,-1,-1,-1,-1
211,3,290.17,171.93,327.70,273.88,-1,-1,-1,-1
211,8,0.00,89.08,230.21,298.70,-1,-1,-1,-1
211,9,986.76,166.49,1117.36,201.31,-1,-1,-1,-1
211,16,559.14,178.01,587.57,197.46,-1,-1,-1,-1
211,17,512.20,178.84,545.69,198.59,-1,-1,-1,-1
211,18,577.24,176.72,600.28,194.65,-1,-1,-1,-1
211,19,533.21,179.61,561.23,196.33,-1,-1,-1,-1
212,3,290.75,171.98,330.08,273.93,-1,-1,-1,-1
212,8,0.00,89.73,203.48,299.21,-1,-1,-1,-1
212,9,985.06,166.66,1115.43,201.45,-1,-1,-1,-1
212,16,559.15,178.00,587.58,197.45,-1,-1,-1,-1
212,17,512.26,178.83,545.74,198.59,-1,-1,-1,-1
212,18,577.18,176.72,600.22,194.65,-1,-1,-1,-1
212,19,533.14,179.61,561.17,196.33,-1,-1,-1,-1
213,3,289.57,172.02,330.10,273.98,-1,-1,-1,-1
213,8,0.00,90.42,176.15,300.33,-1,-1,-1,-1
213,9,983.36,166.83,1113.50,201.59,-1,-1,-1,-1
213,16,559.17,178.00,587.59,197.45,-1,-1,-1,-1
213,17,512.32,178.83,545.79,198.58,-1,-1,-1,-1
213,18,577.12,176.72,600.15,194.65,-1,-1,-1,-1
213,19,533.08,179.61,561.11,196.33,-1,-1,-1,-1
214,3,288.26,172.06,329.93,274.03,-1,-1,-1,-1
214,8,0.00,91.27,145.51,301.27,-1,-1,-1,-1
214,9,981.67,167.00,1111.58,201.74,-1,-1,-1,-1
214,16,559.19,178.00,587.61,197.45,-1,-1,-1,-1
214,17,512.38,178.83,545.85,198.58,-1,-1,-1,-1
214,18,577.05,176.72,600.09,194.65,-1,-1,-1,-1
214,19,533.01,179.61,561.05,196.33,-1,-1,-1,-1
215,3,289.72,172.11,329.24,274.08,-1,-1,-1,-1
215,8,0.00,92.27,110.93,302.01,-1,-1,-1,-1
215,9,979.97,167.16,1109.66,201.88,-1,-1,-1,-1
215,16,559.21,178.00,587.62,197.45,-1,-1,-1,-1
215,17,512.44,178.83,545.90,198.58,-1,-1,-1,-1
215,18,576.99,176.72,600.03,194.65,-1,-1,-1,-1
215,19,532.95,179.61,560.98,196.33,-1,-1,-1,-1
216,3,291.11,172.15,328.44,274.14,-1,-1,-1,-1
216,8,0.00,93.11,71.59,302.96,-1,-1,-1,-1
216,9,979.86,167.13,1109.53,201.85,-1,-1,-1,-1
216,16,559.22,178.00,587.64,197.45,-1,-1,-1,-1
216,17,512.50,178.83,545.95,198.58,-1,-1,-1,-1
216,18,576.92,176.72,599.97,194.65,-1,-1,-1,-1
216,19,532.89,179.61,560.92,196.33,-1,-1,-1,-1
217,3,290.20,172.19,326.72,274.19,-1,-1,-1,-1
217,9,979.75,167.10,1109.40,201.82,-1,-1,-1,-1
217,16,559.24,178.00,587.65,197.45,-1,-1,-1,-1
217,17,512.55,178.83,546.01,198.57,-1,-1,-1,-1
217,18,576.86,176.72,599.91,194.65,-1,-1,-1,-1
217,19,532.82,179.61,560.86,196.33,-1,-1,-1,-1
218,3,289.29,172.24,324.96,274.24,-1,-1,-1,-1
218,9,979.64,167.07,1109.27,201.79,-1,-1,-1,-1
218,16,559.21,178.00,587.70,197.45,-1,-1,-1,-1
218,17,512.52,178.83,545.97,198.58,-1,-1,-1,-1
218,18,576.83,176.72,599.87,194.65,-1,-1,-1,-1
218,19,532.79,179.61,560.83,196.33,-1,-1,-1,-1
219,3,289.01,172.28,325.53,274.29,-1,-1,-1,-1
219,9,979.54,167.04,1109.15,201.75,-1,-1,-1,-1
219,16,559.17,178.00,587.76,197.45,-1,-1,-1,-1
219,17,512.48,178.83,545.94,198.58,-1,-1,-1,-1
219,18,576.79,176.72,599.84,194.65,-1,-1,-1,-1
219,19,532.75,179.61,560.80,196.33,-1,-1,-1,-1
220,3,288.80,172.32,326.14,274.34,-1,-1,-1,-1
220,9,979.43,167.01,1109.02,201.72,-1,-1,-1,-1
220,16,559.14,178.00,587.81,197.45,-1,-1,-1,-1
220,17,512.44,178.83,545.90,198.58,-1,-1,-1,-1
220,18,576.76,176.72,599.81,194.65,-1,-1,-1,-1
220,19,532.72,179.61,560.76,196.34,-1,-1,-1,-1
221,3,290.33,172.37,328.51,274.39,-1,-1,-1,-1
221,9,979.32,166.98,1108.89,201.69,-1,-1,-1,-1
221,16,559.10,178.00,587.87,197.46,-1,-1,-1,-1
221,17,512.40,178.83,545.87,198.58,-1,-1,-1,-1
221,18,576.73,176.72,599.78,194.65,-1,-1,-1,-1
221,19,532.68,179.61,560.73,196.34,-1,-1,-1,-1
222,3,291.99,172.41,330.99,274.44,-1,-1,-1,-1
222,9,979.21,166.95,1108.76,201.66,-1,-1,-1,-1
222,16,559.07,178.00,587.92,197.46,-1,-1,-1,-1
222,17,512.36,178.83,545.83,198.58,-1,-1,-1,-1
222,18,576.70,176.72,599.75,194.66,-1,-1,-1,-1
222,19,532.65,179.61,560.70,196.34,-1,-1,-1,-1
223,3,291.31,172.45,330.83,274.49,-1,-1,-1,-1
223,9,979.10,166.92,1108.63,201.63,-1,-1,-1,-1
223,16,559.03,178.00,587.97,197.46,-1,-1,-1,-1
223,17,512.33,178.83,545.79,198.58,-1,-1,-1,-1
223,18,576.66,176.72,599.72,194.66,-1,-1,-1,-1
223,19,532.61,179.61,560.67,196.34,-1,-1,-1,-1
224,3,290.83,172.50,330.83,274.54,-1,-1,-1,-1
224,9,978.99,166.89,1108.50,201.59,-1,-1,-1,-1
224,16,559.00,178.00,588.03,197.46,-1,-1,-1,-1
224,17,512.29,178.83,545.76,198.58,-1,-1,-1,-1
224,18,576.63,176.72,599.69,194.66,-1,-1,-1,-1
224,19,532.58,179.61,560.63,196.34,-1,-1,-1,-1
225,3,289.96,172.54,329.65,274.59,-1,-1,-1,-1
225,9,978.88,166.86,1108.37,201.56,-1,-1,-1,-1
225,16,558.96,178.00,588.08,197.47,-1,-1,-1,-1
225,17,512.25,178.83,545.72,198.58,-1,-1,-1,-1
225,18,576.60,176.72,599.66,194.66,-1,-1,-1,-1
225,19,532.54,179.61,560.60,196.34,-1,-1,-1,-1
226,3,288.85,172.58,328.18,274.64,-1,-1,-1,-1
226,9,978.77,166.83,1108.24,201.53,-1,-1,-1,-1
226,16,558.93,178.00,588.13,197.47,-1,-1,-1,-1
226,17,512.21,178.83,545.69,198.59,-1,-1,-1,-1
226,18,576.56,176.72,599.62,194.66,-1,-1,-1,-1
226,19,532.51,179.61,560.57,196.34,-1,-1,-1,-1
227,3,289.19,172.63,327.88,274.69,-1,-1,-1,-1
227,9,978.66,166.80,1108.12,201.50,-1,-1,-1,-1
227,16,558.90,178.00,588.19,197.47,-1,-1,-1,-1
227,17,512.17,178.83,545.65,198.59,-1,-1,-1,-1
227,18,576.53,176.72,599.59,194.66,-1,-1,-1,-1
227,19,532.47,179.61,560.54,196.34,-1,-1,-1,-1
228,3,289.36,172.67,327.36,274.74,-1,-1,-1,-1
228,9,978.55,166.77,1107.99,201.46,-1,-1,-1,-1
228,16,558.86,178.00,588.24,197.47,-1,-1,-1,-1
228,17,512.13,178.83,545.62,198.59,-1,-1,-1,-1
228,18,576.50,176.72,599.56,194.66,-1,-1,-1,-1
228,19,532.44,179.61,560.50,196.34,-1,-1,-1,-1
229,3,288.33,172.71,329.19,274.79,-1,-1,-1,-1
229,9,978.44,166.74,1107.86,201.43,-1,-1,-1,-1
229,16,558.83,178.00,588.29,197.48,-1,-1,-1,-1
229,17,512.10,178.83,545.58,198.59,-1,-1,-1,-1
229,18,576.46,176.72,599.53,194.66,-1,-1,-1,-1
229,19,532.41,179.61,560.47,196.34,-1,-1,-1,-1
230,3,287.21,172.76,330.88,274.84,-1,-1,-1,-1
230,9,978.33,166.71,1107.73,201.40,-1,-1,-1,-1
230,16,558.79,178.00,588.35,197.48,-1,-1,-1,-1
230,17,512.06,178.83,545.55,198.59,-1,-1,-1,-1
230,18,576.43,176.72,599.50,194.66,-1,-1,-1,-1
230,19,532.37,179.61,560.44,196.35,-1,-1,-1,-1
231,3,288.48,172.80,329.84,274.89,-1,-1,-1,-1
231,9,978.23,166.68,1107.60,201.37,-1,-1,-1,-1
231,16,558.76,178.00,588.40,197.48,-1,-1,-1,-1
231,17,512.02,178.83,545.51,198.59,-1,-1,-1,-1
231,18,576.40,176.72,599.47,194.66,-1,-1,-1,-1
231,19,532.34,179.61,560.41,196.35,-1,-1,-1,-1
232,3,289.72,172.85,328.72,274.94,-1,-1,-1,-1
232,9,978.12,166.65,1107.47,201.34,-1,-1,-1,-1
232,16,558.72,178.00,588.45,197.48,-1,-1,-1,-1
232,17,511.98,178.83,545.48,198.59,-1,-1,-1,-1
232,18,576.36,176.72,599.44,194.66,-1,-1,-1,-1
232,19,532.30,179.61,560.37,196.35,-1,-1,-1,-1
